n u uR uL e
0.0 0.0 0.0 0.0 -65.0
1.0 0.314159244688 13.0 -13.0 -63.0
2.0 1.2566357385 12.0 -12.0 -63.0
3.0 2.8274183192 13.0 -13.0 -63.0
4.0 5.02646357837 13.0 -13.0 -63.0
5.0 7.85365865591 14.0 -14.0 -63.0
6.0 11.3087691584 14.0 -14.0 -66.0
7.0 15.3913722129 16.0 -16.0 -38.0
8.0 20.1007746815 11.0 -11.0 -63.0
9.0 25.4359165789 17.0 -17.0 -39.0
10.0 31.3952597647 14.0 -14.0 -38.0
11.0 37.9766620164 15.0 -15.0 -61.0
12.0 45.17723664 21.0 -21.0 -36.0
13.0 52.9931978302 17.0 -17.0 -35.0
14.0 61.4196920736 19.0 -19.0 -63.0
15.0 70.4506159688 26.0 -26.0 -63.0
16.0 80.0784209511 28.0 -28.0 -38.0
17.0 90.2939055265 25.0 -25.0 -63.0
18.0 101.085995765 32.0 -32.0 -37.0
19.0 112.441514966 29.0 -29.0 -38.0
20.0 124.344943582 32.0 -32.0 -17.0
21.0 136.778170706 30.0 -30.0 -35.0
22.0 149.720238632 36.0 -36.0 -41.0
23.0 163.147082263 40.0 -40.0 -17.0
24.0 177.031265393 38.0 -38.0 -16.0
25.0 191.341716183 41.0 -41.0 -19.0
26.0 206.043464453 45.0 -45.0 -35.0
27.0 221.09738375 51.0 -51.0 -14.0
28.0 236.459941464 50.0 -50.0 -16.0
29.0 252.08296064 53.0 -53.0 -17.0
30.0 267.913397489 56.0 -56.0 -16.0
31.0 283.893138955 59.0 -59.0 -16.0
32.0 299.958825076 63.0 -63.0 8.0
33.0 316.041701228 61.0 -61.0 8.0
34.0 332.067505692 64.0 -64.0 30.0
35.0 347.956398296 63.0 -63.0 53.0
36.0 363.622936212 62.0 -62.0 53.0
37.0 378.976103206 65.0 -65.0 76.0
38.0 393.919398883 63.0 -63.0 53.0
39.0 408.350994593 71.0 -71.0 53.0
40.0 422.163962751 73.0 -73.0 76.0
41.0 435.246586301 71.0 -71.0 81.0
42.0 447.482754952 73.0 -73.0 97.0
43.0 458.752454582 72.0 -72.0 121.0
44.0 468.932355824 69.0 -69.0 137.0
45.0 477.896507399 68.0 -68.0 182.0
46.0 485.517139027 60.0 -60.0 208.0
47.0 491.66557797 56.0 -56.0 213.0
48.0 496.213282194 56.0 -56.0 211.0
49.0 499.032991935 57.0 -57.0 208.0
50.0 500.0 58.0 -58.0 208.0
51.0 498.993539491 58.0 -58.0 226.0
52.0 495.898285753 53.0 -53.0 223.0
53.0 490.605967247 53.0 -53.0 218.0
54.0 483.017077707 53.0 -53.0 223.0
55.0 473.042679414 50.0 -50.0 223.0
56.0 460.606284649 47.0 -47.0 248.0
57.0 445.645799468 39.0 -39.0 223.0
58.0 428.115510842 41.0 -41.0 223.0
59.0 407.988094985 36.0 -36.0 218.0
60.0 385.256621388 33.0 -33.0 223.0
61.0 359.936523754 27.0 -27.0 223.0
62.0 332.067505692 21.0 -21.0 218.0
63.0 301.715345836 16.0 -16.0 223.0
64.0 268.973563992 9.0 -9.0 223.0
65.0 233.96490713 2.0 -2.0 218.0
66.0 196.842611614 -4.0 4.0 220.0
67.0 157.791396068 -12.0 12.0 223.0
68.0 117.028137888 -21.0 21.0 223.0
69.0 74.8021856483 -29.0 29.0 218.0
70.0 31.3952597647 -37.0 37.0 213.0
71.0 -12.8791052713 -45.0 45.0 223.0
72.0 -57.6766217042 -56.0 56.0 209.0
73.0 -102.623853829 -62.0 62.0 169.0
74.0 -147.320404807 -63.0 63.0 139.0
75.0 -191.341716183 -66.0 66.0 121.0
76.0 -234.24250409 -71.0 71.0 121.0
77.0 -275.560847418 -79.0 79.0 77.0
78.0 -314.822932985 -78.0 78.0 30.0
79.0 -351.548451062 -76.0 76.0 30.0
80.0 -385.256621388 -83.0 83.0 -17.0
81.0 -415.472815244 -79.0 79.0 -16.0
82.0 -441.735723343 -85.0 85.0 -63.0
83.0 -463.605002391 -80.0 80.0 -114.0
84.0 -480.669315464 -73.0 73.0 -128.0
85.0 -492.554663077 -72.0 72.0 -157.0
86.0 -498.932883383 -68.0 68.0 -177.0
87.0 -499.530181729 -64.0 64.0 -220.0
88.0 -494.135532309 -54.0 54.0 -233.0
89.0 -482.608778367 -49.0 49.0 -236.0
90.0 -464.888242944 -45.0 45.0 -236.0
91.0 -440.997650147 -40.0 40.0 -266.0
92.0 -411.05214791 -29.0 29.0 -269.0
93.0 -375.263218018 -21.0 21.0 -269.0
94.0 -333.942258296 -12.0 12.0 -266.0
95.0 -287.502626022 -4.0 4.0 -269.0
96.0 -236.459941464 6.0 -6.0 -269.0
97.0 -181.430466354 17.0 -17.0 -262.0
98.0 -123.127394651 27.0 -27.0 -273.0
99.0 -62.354922407 42.0 -42.0 -236.0
100.0 -1.22464679915e-13 47.0 -47.0 -223.0
101.0 62.9782864175 57.0 -57.0 -219.0
102.0 125.561707083 68.0 -68.0 -190.0
103.0 186.688200492 75.0 -75.0 -175.0
104.0 245.269388686 84.0 -84.0 -157.0
105.0 300.210112663 91.0 -91.0 -130.0
106.0 350.429734158 96.0 -96.0 -65.0
107.0 394.884877786 91.0 -91.0 -36.0
108.0 432.593215258 93.0 -93.0 30.0
109.0 462.65782323 86.0 -86.0 77.0
110.0 484.291580564 81.0 -81.0 121.0
111.0 496.841012071 75.0 -75.0 164.0
112.0 499.808936628 67.0 -67.0 182.0
113.0 492.875240883 62.0 -62.0 248.0
114.0 475.915078099 45.0 -45.0 248.0
115.0 449.01378788 40.0 -40.0 254.0
116.0 412.477848779 31.0 -31.0 254.0
117.0 366.841214382 22.0 -22.0 251.0
118.0 312.866445886 12.0 -12.0 254.0
119.0 251.540141584 0.0 0.0 254.0
120.0 184.062276342 -13.0 13.0 248.0
121.0 111.829201714 -27.0 27.0 254.0
122.0 36.4102183017 -43.0 43.0 223.0
123.0 -40.4821859163 -52.0 52.0 220.0
124.0 -117.028137888 -67.0 67.0 223.0
125.0 -191.341716183 -82.0 82.0 182.0
126.0 -261.517095579 -88.0 88.0 149.0
127.0 -325.678551911 -94.0 94.0 121.0
128.0 -382.033165152 -100.0 100.0 53.0
129.0 -428.924859398 -96.0 96.0 -16.0
130.0 -464.888242944 -89.0 89.0 -62.0
131.0 -488.700569325 -85.0 85.0 -132.0
132.0 -499.430039968 -73.0 73.0 -188.0
133.0 -496.478619765 -61.0 61.0 -218.0
134.0 -479.617546264 -52.0 52.0 -233.0
135.0 -449.01378788 -43.0 43.0 -273.0
136.0 -405.245851594 -26.0 26.0 -266.0
137.0 -349.307558655 -16.0 16.0 -269.0
138.0 -282.598698275 -2.0 2.0 -269.0
139.0 -206.901831395 12.0 -12.0 -266.0
140.0 -124.344943582 28.0 -28.0 -273.0
141.0 -37.3501286426 47.0 -47.0 -269.0
142.0 51.4309899468 64.0 -64.0 -266.0
143.0 139.193840345 81.0 -81.0 -233.0
144.0 223.067666909 91.0 -91.0 -189.0
145.0 300.210112663 97.0 -97.0 -172.0
146.0 367.906746704 107.0 -107.0 -80.0
147.0 423.672219387 100.0 -100.0 -39.0
148.0 465.34937317 100.0 -100.0 53.0
149.0 491.202395989 87.0 -87.0 122.0
150.0 500.0 75.0 -75.0 171.0
151.0 491.084660844 64.0 -64.0 226.0
152.0 464.424176232 47.0 -47.0 220.0
153.0 420.642206395 40.0 -40.0 251.0
154.0 361.025044512 22.0 -22.0 254.0
155.0 287.502626022 6.0 -6.0 248.0
156.0 202.60270638 -9.0 9.0 254.0
157.0 109.378192441 -28.0 28.0 254.0
158.0 11.3087691584 -48.0 48.0 248.0
159.0 -87.8208222012 -67.0 67.0 223.0
160.0 -184.062276342 -81.0 81.0 223.0
161.0 -273.460236617 -99.0 99.0 166.0
162.0 -352.218016481 -103.0 103.0 121.0
163.0 -416.865829836 -107.0 107.0 53.0
164.0 -464.424176232 -103.0 103.0 -17.0
165.0 -492.554663077 -95.0 95.0 -126.0
166.0 -499.690521137 -74.0 74.0 -176.0
167.0 -485.139417289 -61.0 61.0 -223.0
168.0 -449.151910206 -45.0 45.0 -266.0
169.0 -392.950032155 -25.0 25.0 -269.0
170.0 -318.711994874 -9.0 9.0 -269.0
171.0 -229.510868676 7.0 -7.0 -262.0
172.0 -129.207208172 26.0 -26.0 -273.0
173.0 -22.2979102516 50.0 -50.0 -273.0
174.0 86.2740143728 71.0 -71.0 -262.0
175.0 191.341716183 90.0 -90.0 -236.0
176.0 287.759598568 104.0 -104.0 -177.0
177.0 370.660111088 109.0 -109.0 -128.0
178.0 435.709681983 112.0 -112.0 -63.0
179.0 479.350341343 108.0 -108.0 8.0
180.0 499.013364214 98.0 -98.0 121.0
181.0 493.291780753 74.0 -74.0 182.0
182.0 462.05989861 56.0 -56.0 223.0
183.0 406.530059608 36.0 -36.0 254.0
184.0 329.239660279 15.0 -15.0 281.0
185.0 233.96490713 -9.0 9.0 251.0
186.0 125.561707083 -25.0 25.0 254.0
187.0 9.73832143248 -48.0 48.0 251.0
188.0 -107.231290223 -71.0 71.0 254.0
189.0 -218.840396658 -94.0 94.0 223.0
190.0 -318.711994874 -108.0 108.0 180.0
191.0 -400.971250702 -116.0 116.0 122.0
192.0 -460.606284649 -116.0 116.0 53.0
193.0 -493.794927483 -109.0 109.0 -35.0
194.0 -498.175628495 -92.0 92.0 -125.0
195.0 -473.042679414 -69.0 69.0 -222.0
196.0 -419.449316114 -39.0 39.0 -268.0
197.0 -340.206981198 -14.0 14.0 -269.0
198.0 -239.774878004 5.0 -5.0 -269.0
199.0 -124.040629683 28.0 -28.0 -273.0
200.0 -4.89858719659e-13 54.0 -54.0 -266.0
201.0 124.649208392 78.0 -78.0 -269.0
202.0 241.977274588 102.0 -102.0 -236.0
203.0 344.329179701 116.0 -116.0 -172.0
204.0 424.835943852 119.0 -119.0 -130.0
205.0 477.896507399 121.0 -121.0 -36.0
206.0 499.595795476 107.0 -107.0 76.0
207.0 488.026816366 82.0 -82.0 166.0
208.0 443.489297441 55.0 -55.0 226.0
209.0 368.544323845 28.0 -28.0 251.0
210.0 267.913397489 3.0 -3.0 251.0
211.0 148.220781948 -20.0 20.0 254.0
212.0 17.5892889526 -47.0 47.0 254.0
213.0 -114.888982707 -73.0 73.0 251.0
214.0 -239.774878004 -98.0 98.0 254.0
215.0 -347.956398296 -120.0 120.0 197.0
216.0 -431.32747343 -125.0 125.0 137.0
217.0 -483.420609863 -124.0 124.0 52.0
218.0 -499.943152156 -110.0 110.0 -65.0
219.0 -479.17125847 -82.0 82.0 -172.0
220.0 -422.163962751 -50.0 50.0 -233.0
221.0 -332.771523678 -19.0 19.0 -269.0
222.0 -217.426968278 10.0 -10.0 -266.0
223.0 -84.7263550547 36.0 -36.0 -269.0
224.0 55.1794067382 64.0 -64.0 -273.0
225.0 191.341716183 92.0 -92.0 -266.0
226.0 312.866445886 115.0 -115.0 -222.0
227.0 409.796138892 126.0 -126.0 -177.0
228.0 473.950966111 130.0 -130.0 -84.0
229.0 499.656478414 116.0 -116.0 8.0
230.0 484.291580564 95.0 -95.0 127.0
231.0 428.601627527 60.0 -60.0 223.0
232.0 336.738552277 22.0 -22.0 251.0
233.0 216.011393981 -6.0 6.0 254.0
234.0 76.3549324491 -35.0 35.0 254.0
235.0 -70.4506159688 -64.0 64.0 251.0
236.0 -211.751935408 -92.0 92.0 254.0
237.0 -335.109697039 -117.0 117.0 223.0
238.0 -429.408437049 -130.0 130.0 166.0
239.0 -485.890068907 -130.0 130.0 76.0
240.0 -499.013364214 -115.0 115.0 -38.0
241.0 -467.052408927 -85.0 85.0 -140.0
242.0 -392.366549941 -50.0 50.0 -236.0
243.0 -281.301468459 -9.0 9.0 -269.0
244.0 -143.713693887 25.0 -25.0 -269.0
245.0 7.85365865591 55.0 -55.0 -269.0
246.0 159.281140512 85.0 -85.0 -269.0
247.0 296.175356651 113.0 -113.0 -223.0
248.0 405.245851594 125.0 -125.0 -172.0
249.0 475.625244828 129.0 -129.0 -101.0
250.0 500.0 120.0 -120.0 8.0
251.0 475.431083737 93.0 -93.0 121.0
252.0 403.768587685 56.0 -56.0 184.0
253.0 291.60049771 21.0 -21.0 254.0
254.0 149.720238632 -20.0 20.0 248.0
255.0 -7.85365865592 -51.0 51.0 254.0
256.0 -165.224251086 -83.0 83.0 251.0
257.0 -306.205231833 -111.0 111.0 218.0
258.0 -415.996427776 -126.0 126.0 166.0
259.0 -482.772669908 -129.0 129.0 97.0
260.0 -499.013364214 -119.0 119.0 -17.0
261.0 -462.419201002 -89.0 89.0 -125.0
262.0 -376.299410177 -50.0 50.0 -225.0
263.0 -249.364901777 -4.0 4.0 -269.0
264.0 -94.924738657 34.0 -34.0 -266.0
265.0 70.4506159688 67.0 -67.0 -269.0
266.0 228.673140569 99.0 -99.0 -233.0
267.0 362.1100021 119.0 -119.0 -215.0
268.0 455.572267326 134.0 -134.0 -130.0
269.0 498.094305523 125.0 -125.0 -63.0
270.0 484.291580564 109.0 -109.0 53.0
271.0 415.122919998 72.0 -72.0 139.0
272.0 297.944269636 31.0 -31.0 226.0
273.0 145.818614626 -16.0 16.0 248.0
274.0 -23.8670311943 -54.0 54.0 251.0
275.0 -191.341716183 -88.0 88.0 254.0
276.0 -336.738552277 -118.0 118.0 226.0
277.0 -442.469436786 -133.0 133.0 165.0
278.0 -495.402300979 -132.0 132.0 53.0
279.0 -488.567361338 -108.0 108.0 -35.0
280.0 -422.163962751 -77.0 77.0 -140.0
281.0 -303.715649423 -32.0 32.0 -222.0
282.0 -147.320404807 14.0 -14.0 -269.0
283.0 27.945604586 59.0 -59.0 -262.0
284.0 200.302456846 92.0 -92.0 -269.0
285.0 347.956398296 123.0 -123.0 -236.0
286.0 451.877047914 137.0 -137.0 -172.0
287.0 498.307233205 134.0 -134.0 -63.0
288.0 480.669315464 108.0 -108.0 53.0
289.0 400.595575946 69.0 -69.0 166.0
290.0 267.91339749 20.0 -20.0 218.0
291.0 99.5471400235 -23.0 23.0 254.0
292.0 -82.5582305914 -67.0 67.0 254.0
293.0 -254.25024757 -101.0 101.0 248.0
294.0 -392.366549941 -128.0 128.0 223.0
295.0 -477.896507399 -140.0 140.0 139.0
296.0 -498.672533837 -127.0 127.0 30.0
297.0 -451.202436552 -96.0 96.0 -85.0
298.0 -341.356423942 -51.0 51.0 -188.0
299.0 -183.770142131 0.0 0.0 -266.0
300.0 -1.10218211923e-12 53.0 -53.0 -269.0
301.0 184.354337888 90.0 -90.0 -273.0
302.0 343.188520001 123.0 -123.0 -262.0
303.0 453.61014889 143.0 -143.0 -189.0
304.0 499.303762356 137.0 -137.0 -63.0
305.0 473.042679414 107.0 -107.0 53.0
306.0 377.949588429 64.0 -64.0 164.0
307.0 227.275122999 12.0 -12.0 223.0
308.0 42.6736824528 -36.0 36.0 254.0
309.0 -148.820740996 -80.0 80.0 251.0
310.0 -318.711994874 -113.0 113.0 254.0
311.0 -441.293402131 -139.0 139.0 223.0
312.0 -497.600055445 -144.0 144.0 121.0
313.0 -478.447363058 -119.0 119.0 4.0
314.0 -386.056414409 -78.0 78.0 -131.0
315.0 -233.96490713 -20.0 20.0 -215.0
316.0 -45.17723664 33.0 -33.0 -269.0
317.0 151.218217638 84.0 -84.0 -269.0
318.0 324.485071503 118.0 -118.0 -266.0
319.0 447.06148759 142.0 -142.0 -225.0
320.0 499.013364214 144.0 -144.0 -147.0
321.0 471.39061654 123.0 -123.0 -14.0
322.0 367.906746704 76.0 -76.0 121.0
323.0 204.611227536 16.0 -16.0 223.0
324.0 7.53953661802 -43.0 43.0 254.0
325.0 -191.341716183 -89.0 89.0 248.0
326.0 -359.281705444 -121.0 121.0 254.0
327.0 -468.164727343 -144.0 144.0 182.0
328.0 -499.303762356 -136.0 136.0 96.0
329.0 -446.779760125 -108.0 108.0 -39.0
330.0 -318.711994874 -55.0 55.0 -175.0
331.0 -136.173710933 7.0 -7.0 -229.0
332.0 70.1395769779 59.0 -59.0 -269.0
333.0 264.989233934 106.0 -106.0 -273.0
334.0 414.596848173 137.0 -137.0 -262.0
335.0 492.554663077 150.0 -150.0 -177.0
336.0 484.60256364 132.0 -132.0 -35.0
337.0 391.390982608 85.0 -85.0 76.0
338.0 228.673140569 30.0 -30.0 208.0
339.0 24.808391683 -36.0 36.0 254.0
340.0 -184.062276342 -87.0 87.0 251.0
341.0 -360.372358951 -122.0 122.0 251.0
342.0 -471.91201177 -144.0 144.0 184.0
343.0 -497.81044904 -136.0 136.0 97.0
344.0 -432.593215258 -105.0 105.0 -35.0
345.0 -287.502626022 -50.0 50.0 -177.0
346.0 -88.7484918321 17.0 -17.0 -233.0
347.0 127.08154524 72.0 -72.0 -266.0
348.0 319.679242773 117.0 -117.0 -236.0
349.0 452.547199431 137.0 -137.0 -233.0
350.0 500.0 146.0 -146.0 -125.0
351.0 452.27967443 115.0 -115.0 -16.0
352.0 317.742733817 66.0 -66.0 123.0
353.0 121.604365693 0.0 0.0 218.0
354.0 -98.6233540106 -63.0 63.0 248.0
355.0 -300.210112663 -109.0 109.0 226.0
356.0 -443.489297441 -133.0 133.0 223.0
357.0 -499.743313555 -144.0 144.0 139.0
358.0 -457.112834394 -119.0 119.0 4.0
359.0 -323.288388559 -65.0 65.0 -128.0
360.0 -124.344943582 0.0 0.0 -233.0
361.0 100.16280107 66.0 -66.0 -269.0
362.0 304.961945554 114.0 -114.0 -233.0
363.0 448.181333306 136.0 -136.0 -229.0
364.0 499.998420864 145.0 -145.0 -129.0
365.0 449.01378788 115.0 -115.0 -15.0
366.0 304.961945554 63.0 -63.0 121.0
367.0 97.0829335788 -4.0 4.0 226.0
368.0 -131.633474309 -71.0 71.0 254.0
369.0 -333.240212291 -117.0 117.0 220.0
370.0 -464.888242944 -136.0 136.0 218.0
371.0 -498.039106992 -143.0 143.0 97.0
372.0 -424.835943852 -104.0 104.0 -17.0
373.0 -260.176999159 -48.0 48.0 -141.0
374.0 -38.9163493237 20.0 -20.0 -236.0
375.0 191.341716183 85.0 -85.0 -236.0
376.0 380.406937859 123.0 -123.0 -229.0
377.0 486.476780482 143.0 -143.0 -189.0
378.0 485.517139027 134.0 -134.0 -81.0
379.0 376.919343441 91.0 -91.0 30.0
380.0 184.062276342 30.0 -30.0 170.0
381.0 -50.4934205803 -44.0 44.0 226.0
382.0 -274.248778203 -100.0 100.0 218.0
383.0 -436.478067086 -130.0 130.0 223.0
384.0 -499.808936628 -144.0 144.0 141.0
385.0 -449.01378788 -118.0 118.0 52.0
386.0 -294.908337622 -69.0 69.0 -82.0
387.0 -72.3162615488 1.0 -1.0 -189.0
388.0 167.594242303 71.0 -71.0 -235.0
389.0 368.968647934 120.0 -120.0 -229.0
390.0 484.291580564 142.0 -142.0 -189.0
391.0 485.741472215 134.0 -134.0 -83.0
392.0 372.132460455 91.0 -91.0 30.0
393.0 169.664513082 27.0 -27.0 169.0
394.0 -73.8701822184 -48.0 48.0 223.0
395.0 -300.210112663 -104.0 104.0 248.0
396.0 -454.530828997 -140.0 140.0 223.0
397.0 -498.827850566 -144.0 144.0 141.0
398.0 -421.489290342 -112.0 112.0 8.0
399.0 -240.601489659 -49.0 49.0 -114.0
400.0 -1.95943487864e-12 22.0 -22.0 -225.0
401.0 241.152089348 93.0 -93.0 -229.0
402.0 422.835968543 130.0 -130.0 -222.0
403.0 499.182920696 144.0 -144.0 -162.0
404.0 450.250500794 122.0 -122.0 -63.0
405.0 287.502626022 70.0 -70.0 76.0
406.0 51.4309899468 -4.0 4.0 184.0
407.0 -198.28558502 -76.0 76.0 223.0
408.0 -397.757892444 -124.0 124.0 218.0
409.0 -495.273903187 -142.0 142.0 184.0
410.0 -464.888242944 -129.0 129.0 97.0
411.0 -313.601057566 -82.0 82.0 -63.0
412.0 -80.0784209511 -3.0 3.0 -177.0
413.0 174.972899694 70.0 -70.0 -236.0
414.0 384.454394877 124.0 -124.0 -215.0
415.0 492.554663077 141.0 -141.0 -175.0
416.0 469.798537053 128.0 -128.0 -81.0
417.0 321.367064065 80.0 -80.0 52.0
418.0 86.2740143728 6.0 -6.0 166.0
419.0 -172.616339492 -67.0 67.0 226.0
420.0 -385.256621388 -122.0 122.0 223.0
421.0 -493.393968691 -143.0 143.0 208.0
422.0 -466.715115892 -134.0 134.0 99.0
423.0 -311.639624083 -82.0 82.0 -38.0
424.0 -70.1395769779 -6.0 6.0 -173.0
425.0 191.341716183 72.0 -72.0 -222.0
426.0 400.030877882 124.0 -124.0 -188.0
427.0 497.116804185 137.0 -137.0 -172.0
428.0 454.530828997 125.0 -125.0 -66.0
429.0 283.375698197 69.0 -69.0 53.0
430.0 31.3952597647 -4.0 4.0 139.0
431.0 -230.068901228 -73.0 73.0 213.0
432.0 -426.15585027 -127.0 127.0 182.0
433.0 -499.988057826 -136.0 136.0 166.0
434.0 -429.408437049 -119.0 119.0 52.0
435.0 -233.96490713 -57.0 57.0 -84.0
436.0 30.141004555 22.0 -22.0 -175.0
437.0 285.958410765 92.0 -92.0 -219.0
438.0 458.125447647 135.0 -135.0 -190.0
439.0 495.187327 137.0 -137.0 -128.0
440.0 385.256621388 102.0 -102.0 -16.0
441.0 160.17423354 35.0 -35.0 81.0
442.0 -113.359651617 -38.0 38.0 168.0
443.0 -353.331176672 -104.0 104.0 180.0
444.0 -486.98007083 -133.0 133.0 171.0
445.0 -473.042679414 -128.0 128.0 97.0
446.0 -314.822932985 -82.0 82.0 -36.0
447.0 -59.8604915421 -4.0 4.0 -147.0
448.0 214.02601143 72.0 -72.0 -190.0
449.0 422.33221436 122.0 -122.0 -185.0
450.0 500.0 137.0 -137.0 -172.0
451.0 421.995544478 118.0 -118.0 -39.0
452.0 211.751935408 50.0 -50.0 53.0
453.0 -65.4707381046 -23.0 23.0 139.0
454.0 -322.568846488 -92.0 92.0 169.0
455.0 -477.896507399 -129.0 129.0 141.0
456.0 -481.355317778 -124.0 124.0 96.0
457.0 -330.89152172 -85.0 85.0 -19.0
458.0 -73.8701822184 -10.0 10.0 -128.0
459.0 207.473667804 67.0 -67.0 -185.0
460.0 422.163962751 121.0 -121.0 -188.0
461.0 499.956475676 137.0 -137.0 -128.0
462.0 414.596848173 108.0 -108.0 -36.0
463.0 193.081824254 45.0 -45.0 76.0
464.0 -92.4559841276 -33.0 33.0 167.0
465.0 -347.956398296 -102.0 102.0 164.0
466.0 -488.366102834 -130.0 130.0 137.0
467.0 -466.149276393 -120.0 120.0 97.0
468.0 -287.759598568 -76.0 76.0 -38.0
469.0 -12.2509852116 5.0 -5.0 -126.0
470.0 267.91339749 78.0 -78.0 -176.0
471.0 457.747072761 126.0 -126.0 -175.0
472.0 492.060672273 133.0 -133.0 -126.0
473.0 358.187505972 96.0 -96.0 26.0
474.0 101.085995765 15.0 -15.0 97.0
475.0 -191.341716183 -57.0 57.0 164.0
476.0 -418.076078787 -116.0 116.0 169.0
477.0 -499.916998923 -133.0 133.0 141.0
478.0 -407.442537747 -109.0 109.0 52.0
479.0 -172.026515653 -44.0 44.0 -62.0
480.0 124.344943582 37.0 -37.0 -145.0
481.0 377.331888412 104.0 -104.0 -173.0
482.0 496.945905579 133.0 -133.0 -128.0
483.0 439.807682945 113.0 -113.0 -63.0
484.0 225.314133065 57.0 -57.0 53.0
485.0 -70.4506159688 -24.0 24.0 120.0
486.0 -341.356423942 -92.0 92.0 169.0
487.0 -489.225681939 -131.0 131.0 141.0
488.0 -459.622656375 -120.0 120.0 76.0
489.0 -262.319915364 -67.0 67.0 -39.0
490.0 31.3952597647 14.0 -14.0 -128.0
491.0 314.090179823 88.0 -88.0 -172.0
492.0 481.355317778 130.0 -130.0 -144.0
493.0 470.546709265 122.0 -122.0 -81.0
494.0 284.668459263 73.0 -73.0 8.0
495.0 -7.85365865591 -3.0 3.0 96.0
496.0 -297.944269636 -78.0 78.0 167.0
497.0 -476.394375372 -128.0 128.0 121.0
498.0 -475.138434501 -119.0 119.0 96.0
499.0 -293.638407966 -77.0 77.0 -17.0
500.0 4.91096680932e-13 3.0 -3.0 -128.0
501.0 294.146728302 84.0 -84.0 -172.0
502.0 475.915078099 129.0 -129.0 -147.0
503.0 474.64693475 124.0 -124.0 -113.0
504.0 289.811280723 80.0 -80.0 8.0
505.0 -7.8536586559 -3.0 3.0 101.0
506.0 -302.966432132 -80.0 80.0 141.0
507.0 -480.059100426 -124.0 124.0 147.0
508.0 -468.932355824 -123.0 123.0 120.0
509.0 -272.934002264 -78.0 78.0 8.0
510.0 31.3952597647 4.0 -4.0 -125.0
511.0 323.767445286 89.0 -89.0 -177.0
512.0 487.543724136 132.0 -132.0 -145.0
513.0 456.474084507 120.0 -120.0 -126.0
514.0 241.977274588 73.0 -73.0 30.0
515.0 -70.4506159688 -20.0 20.0 95.0
516.0 -354.883739929 -89.0 89.0 141.0
517.0 -495.612385537 -127.0 127.0 121.0
518.0 -434.47132441 -111.0 111.0 53.0
519.0 -195.397695449 -49.0 49.0 -38.0
520.0 124.344943582 32.0 -32.0 -128.0
521.0 393.338244774 104.0 -104.0 -130.0
522.0 499.974734026 125.0 -125.0 -131.0
523.0 399.08655692 106.0 -106.0 -63.0
524.0 131.633474309 38.0 -38.0 52.0
525.0 -191.341716183 -48.0 48.0 97.0
526.0 -434.47132441 -106.0 106.0 120.0
527.0 -494.833203953 -122.0 122.0 96.0
528.0 -345.92039147 -88.0 88.0 30.0
529.0 -49.8682744603 -15.0 15.0 -79.0
530.0 267.913397489 69.0 -69.0 -126.0
531.0 471.599733214 119.0 -119.0 -147.0
532.0 473.14434769 124.0 -124.0 -111.0
533.0 270.824763172 76.0 -76.0 10.0
534.0 -48.9304079348 -11.0 11.0 98.0
535.0 -347.956398296 -89.0 89.0 139.0
536.0 -495.898285753 -126.0 126.0 121.0
537.0 -427.30193696 -109.0 109.0 81.0
538.0 -171.141270835 -50.0 50.0 -38.0
539.0 160.769312916 39.0 -39.0 -125.0
540.0 422.163962751 109.0 -109.0 -177.0
541.0 496.770102318 134.0 -134.0 -128.0
542.0 350.429734158 95.0 -95.0 -34.0
543.0 47.366912366 16.0 -16.0 53.0
544.0 -277.393172371 -66.0 66.0 122.0
545.0 -477.896507399 -119.0 119.0 119.0
546.0 -463.014386579 -116.0 116.0 96.0
547.0 -238.395300179 -66.0 66.0 -17.0
548.0 94.9247386571 22.0 -22.0 -129.0
549.0 385.45679798 102.0 -102.0 -125.0
550.0 500.0 125.0 -125.0 -130.0
551.0 385.056292702 103.0 -103.0 -38.0
552.0 92.4559841275 26.0 -26.0 52.0
553.0 -243.3506713 -59.0 59.0 98.0
554.0 -466.715115892 -112.0 112.0 121.0
555.0 -473.042679414 -118.0 118.0 96.0
556.0 -258.296553164 -70.0 70.0 -16.0
557.0 77.9069256576 18.0 -18.0 -111.0
558.0 377.949588429 97.0 -97.0 -125.0
559.0 499.964371151 124.0 -124.0 -129.0
560.0 385.256621388 102.0 -102.0 -63.0
561.0 87.2022022259 30.0 -30.0 30.0
562.0 -252.89644257 -56.0 56.0 96.0
563.0 -472.428749419 -113.0 113.0 97.0
564.0 -465.34937317 -112.0 112.0 77.0
565.0 -233.96490713 -62.0 62.0 -16.0
566.0 110.910401024 25.0 -25.0 -129.0
567.0 402.467611924 106.0 -106.0 -128.0
568.0 498.483217125 125.0 -125.0 -125.0
569.0 351.10138004 95.0 -95.0 -39.0
570.0 31.3952597647 14.0 -14.0 53.0
571.0 -304.214528271 -71.0 71.0 121.0
572.0 -490.176941567 -122.0 122.0 119.0
573.0 -433.691774462 -110.0 110.0 95.0
574.0 -161.661455668 -51.0 51.0 -16.0
575.0 191.341716183 41.0 -41.0 -130.0
576.0 449.151910206 115.0 -115.0 -130.0
577.0 481.945593757 122.0 -122.0 -125.0
578.0 272.143842869 79.0 -79.0 -16.0
579.0 -75.4233738191 -11.0 11.0 53.0
580.0 -385.256621388 -87.0 87.0 121.0
581.0 -499.632796975 -124.0 124.0 96.0
582.0 -359.281705444 -91.0 91.0 53.0
583.0 -34.8434152327 -17.0 17.0 -38.0
584.0 307.940752716 69.0 -69.0 -125.0
585.0 492.554663077 123.0 -123.0 -129.0
586.0 422.835968543 110.0 -110.0 -84.0
587.0 133.753731021 43.0 -43.0 30.0
588.0 -225.314133065 -51.0 51.0 96.0
589.0 -467.2763491 -112.0 112.0 97.0
590.0 -464.888242944 -112.0 112.0 76.0
591.0 -218.275283709 -58.0 58.0 8.0
592.0 143.713693887 27.0 -27.0 -84.0
593.0 430.211008483 102.0 -102.0 -128.0
594.0 488.898934256 123.0 -123.0 -125.0
595.0 287.502626022 82.0 -82.0 -38.0
596.0 -67.6502785276 -5.0 5.0 53.0
597.0 -387.052725895 -88.0 88.0 96.0
598.0 -498.932883383 -118.0 118.0 101.0
599.0 -342.044473169 -88.0 88.0 53.0
600.0 -4.40872847693e-12 -10.0 10.0 -36.0
601.0 342.502497636 75.0 -75.0 -129.0
602.0 499.090693005 125.0 -125.0 -128.0
603.0 383.448197363 102.0 -102.0 -63.0
604.0 57.6766217042 24.0 -24.0 53.0
605.0 -300.210112663 -70.0 70.0 97.0
606.0 -493.137038319 -118.0 118.0 96.0
607.0 -413.716789197 -101.0 101.0 76.0
608.0 -104.775150123 -36.0 36.0 -38.0
609.0 262.854610932 60.0 -60.0 -79.0
610.0 484.291580564 112.0 -112.0 -109.0
611.0 434.936996602 108.0 -108.0 -84.0
612.0 141.304668415 45.0 -45.0 8.0
613.0 -232.29738953 -48.0 48.0 96.0
614.0 -475.138434501 -114.0 114.0 99.0
615.0 -449.01378788 -109.0 109.0 95.0
616.0 -167.594242303 -52.0 52.0 8.0
617.0 209.757728124 40.0 -40.0 -84.0
618.0 467.6108757 110.0 -110.0 -128.0
619.0 457.493919198 117.0 -117.0 -82.0
620.0 184.062276342 53.0 -53.0 -16.0
621.0 -195.975894134 -35.0 35.0 95.0
622.0 -463.014386579 -111.0 111.0 121.0
623.0 -461.457413647 -116.0 116.0 96.0
624.0 -191.051433117 -57.0 57.0 8.0
625.0 191.341716183 36.0 -36.0 -79.0
626.0 462.05989861 108.0 -108.0 -128.0
627.0 461.457413647 117.0 -117.0 -102.0
628.0 188.726462959 58.0 -58.0 -17.0
629.0 -195.975894134 -35.0 35.0 76.0
630.0 -464.888242944 -108.0 108.0 101.0
631.0 -457.493919198 -111.0 111.0 97.0
632.0 -177.031265393 -54.0 54.0 8.0
633.0 209.757728124 40.0 -40.0 -84.0
634.0 471.075545902 111.0 -111.0 -128.0
635.0 449.01378788 115.0 -115.0 -111.0
636.0 155.703140815 53.0 -53.0 -16.0
637.0 -232.29738953 -43.0 43.0 97.0
638.0 -479.617546264 -115.0 115.0 96.0
639.0 -434.936996602 -106.0 106.0 76.0
640.0 -124.344943582 -40.0 40.0 8.0
641.0 262.854610932 50.0 -50.0 -79.0
642.0 488.898934256 113.0 -113.0 -109.0
643.0 413.716789197 104.0 -104.0 -85.0
644.0 82.5582305914 33.0 -33.0 8.0
645.0 -300.210112663 -61.0 61.0 76.0
646.0 -496.662266846 -114.0 114.0 101.0
647.0 -383.448197363 -96.0 96.0 53.0
648.0 -30.141004555 -16.0 16.0 -35.0
649.0 342.502497636 75.0 -75.0 -85.0
650.0 500.0 117.0 -117.0 -101.0
651.0 342.044473169 88.0 -88.0 -62.0
652.0 -32.6493166648 5.0 -5.0 30.0
653.0 -387.052725895 -83.0 83.0 97.0
654.0 -495.402300979 -118.0 118.0 76.0
655.0 -287.502626022 -72.0 72.0 30.0
656.0 104.775150123 14.0 -14.0 -65.0
657.0 430.211008483 99.0 -99.0 -125.0
658.0 478.901215481 120.0 -120.0 -109.0
659.0 218.275283709 65.0 -65.0 -38.0
660.0 -184.062276342 -29.0 29.0 77.0
661.0 -467.2763491 -108.0 108.0 122.0
662.0 -446.355846205 -113.0 113.0 77.0
663.0 -133.753731021 -42.0 42.0 8.0
664.0 266.8515387 51.0 -51.0 -80.0
665.0 492.554663077 114.0 -114.0 -129.0
666.0 393.919398883 104.0 -104.0 -101.0
667.0 34.8434152328 27.0 -27.0 -16.0
668.0 -347.730723597 -66.0 66.0 76.0
669.0 -499.632796975 -115.0 115.0 77.0
670.0 -318.711994874 -79.0 79.0 52.0
671.0 75.4233738191 4.0 -4.0 -62.0
672.0 419.449316114 96.0 -96.0 -132.0
673.0 481.945593757 122.0 -122.0 -82.0
674.0 219.687417843 60.0 -60.0 -14.0
675.0 -191.341716183 -35.0 35.0 53.0
676.0 -473.14434769 -105.0 105.0 97.0
677.0 -433.691774462 -106.0 106.0 76.0
678.0 -98.6233540106 -34.0 34.0 4.0
679.0 304.214528271 60.0 -60.0 -84.0
680.0 499.013364214 116.0 -116.0 -126.0
681.0 351.10138004 95.0 -95.0 -66.0
682.0 -38.9163493237 5.0 -5.0 8.0
683.0 -402.467611924 -82.0 82.0 76.0
684.0 -487.543724136 -112.0 112.0 76.0
685.0 -233.96490713 -61.0 61.0 30.0
686.0 182.893304663 30.0 -30.0 -63.0
687.0 472.428749419 107.0 -107.0 -130.0
688.0 431.32747343 112.0 -112.0 -81.0
689.0 87.2022022259 33.0 -33.0 -14.0
690.0 -318.711994874 -60.0 60.0 76.0
691.0 -499.964371151 -115.0 115.0 97.0
692.0 -327.344021798 -84.0 84.0 77.0
693.0 77.9069256576 0.0 0.0 -36.0
694.0 428.115510842 92.0 -92.0 -102.0
695.0 473.042679414 115.0 -115.0 -81.0
696.0 179.379487674 52.0 -52.0 -35.0
697.0 -243.3506713 -41.0 41.0 53.0
698.0 -491.377544256 -108.0 108.0 77.0
699.0 -385.056292702 -92.0 92.0 76.0
700.0 -1.66589103522e-11 -15.0 15.0 -16.0
701.0 385.45679798 80.0 -80.0 -81.0
702.0 490.906604143 114.0 -114.0 -79.0
703.0 238.395300179 63.0 -63.0 -36.0
704.0 -188.726462959 -30.0 30.0 53.0
705.0 -477.896507399 -106.0 106.0 76.0
706.0 -415.996427776 -98.0 98.0 53.0
707.0 -47.366912366 -20.0 20.0 -17.0
708.0 356.649690057 74.0 -74.0 -81.0
709.0 496.770102318 115.0 -115.0 -111.0
710.0 267.913397489 75.0 -75.0 -39.0
711.0 -160.769312916 -24.0 24.0 30.0
712.0 -469.798537053 -99.0 99.0 76.0
713.0 -427.30193696 -100.0 100.0 79.0
714.0 -63.9131456543 -28.0 28.0 8.0
715.0 347.956398296 67.0 -67.0 -79.0
716.0 497.600055445 115.0 -115.0 -84.0
717.0 270.824763172 70.0 -70.0 -38.0
718.0 -161.661455668 -24.0 24.0 30.0
719.0 -471.599733214 -100.0 100.0 76.0
720.0 -422.163962751 -99.0 99.0 53.0
721.0 -49.8682744603 -20.0 20.0 -16.0
722.0 361.025044512 75.0 -75.0 -82.0
723.0 494.833203953 115.0 -115.0 -84.0
724.0 247.456396696 66.0 -66.0 -63.0
725.0 -191.341716183 -25.0 25.0 30.0
726.0 -482.361512189 -102.0 102.0 77.0
727.0 -399.08655692 -95.0 95.0 53.0
728.0 -5.02646357835 -11.0 11.0 -16.0
729.0 393.338244774 81.0 -81.0 -84.0
730.0 484.291580564 113.0 -113.0 -81.0
731.0 195.397695449 55.0 -55.0 -14.0
732.0 -247.456396696 -46.0 46.0 53.0
733.0 -495.612385537 -109.0 109.0 77.0
734.0 -352.218016481 -85.0 85.0 76.0
735.0 70.4506159688 -1.0 1.0 -16.0
736.0 437.546567331 90.0 -90.0 -84.0
737.0 456.474084507 108.0 -108.0 -63.0
738.0 110.910401024 34.0 -34.0 -17.0
739.0 -323.767445286 -61.0 61.0 77.0
740.0 -499.013364214 -115.0 115.0 77.0
741.0 -272.934002264 -69.0 69.0 76.0
742.0 173.500563864 19.0 -19.0 -41.0
743.0 480.059100426 104.0 -104.0 -81.0
744.0 397.757892444 95.0 -95.0 -62.0
745.0 -7.85365865592 10.0 -10.0 26.0
746.0 -407.442537747 -86.0 86.0 77.0
747.0 -474.64693475 -110.0 110.0 76.0
748.0 -153.3128776 -45.0 45.0 30.0
749.0 294.146728302 52.0 -52.0 -38.0
750.0 500.0 107.0 -107.0 -82.0
751.0 293.638407966 75.0 -75.0 -37.0
752.0 -155.703140815 -23.0 23.0 30.0
753.0 -476.394375372 -101.0 101.0 76.0
754.0 -401.533575422 -95.0 95.0 53.0
755.0 7.8536586559 -9.0 9.0 8.0
756.0 411.05214791 80.0 -80.0 -64.0
757.0 470.546709265 106.0 -106.0 -63.0
758.0 135.266618377 39.0 -39.0 -39.0
759.0 -314.090179823 -55.0 55.0 76.0
760.0 -499.013364214 -115.0 115.0 76.0
761.0 -262.319915364 -67.0 67.0 52.0
762.0 196.842611613 28.0 -28.0 -36.0
763.0 489.225681939 105.0 -105.0 -61.0
764.0 365.343388928 85.0 -85.0 -37.0
765.0 -70.4506159688 -6.0 6.0 8.0
766.0 -446.355846205 -90.0 90.0 76.0
767.0 -439.807682945 -103.0 103.0 76.0
768.0 -55.1794067382 -26.0 26.0 8.0
769.0 377.331888412 73.0 -73.0 -61.0
770.0 484.291580564 109.0 -109.0 -63.0
771.0 172.026515653 47.0 -47.0 -39.0
772.0 -289.811280723 -50.0 50.0 53.0
773.0 -499.916998923 -110.0 110.0 76.0
774.0 -274.248778203 -70.0 70.0 53.0
775.0 191.341716183 27.0 -27.0 -38.0
776.0 489.675016169 105.0 -105.0 -82.0
777.0 358.187505971 88.0 -88.0 -39.0
778.0 -88.7484918321 -9.0 9.0 30.0
779.0 -457.747072761 -97.0 97.0 76.0
780.0 -422.163962751 -99.0 99.0 76.0
781.0 -12.2509852116 -17.0 17.0 30.0
782.0 408.894134749 75.0 -75.0 -61.0
783.0 466.149276393 105.0 -105.0 -61.0
784.0 107.231290223 33.0 -33.0 -17.0
785.0 -347.956398296 -66.0 66.0 76.0
786.0 -491.377544256 -113.0 113.0 76.0
787.0 -193.081824254 -53.0 53.0 77.0
788.0 279.480685353 40.0 -40.0 -17.0
789.0 499.956475676 103.0 -103.0 -62.0
790.0 267.913397489 65.0 -65.0 -41.0
791.0 -207.473667804 -33.0 33.0 30.0
792.0 -494.513089998 -104.0 104.0 76.0
793.0 -330.89152172 -81.0 81.0 53.0
794.0 135.266618377 16.0 -16.0 8.0
795.0 477.896507399 93.0 -93.0 -61.0
796.0 382.033165152 88.0 -88.0 -36.0
797.0 -65.4707381046 -5.0 5.0 8.0
798.0 -452.947146863 -92.0 92.0 76.0
799.0 -421.995544478 -99.0 99.0 76.0
800.0 -7.83773951454e-12 -15.0 15.0 8.0
801.0 422.33221436 82.0 -82.0 -61.0
802.0 451.877047914 102.0 -102.0 -62.0
803.0 59.8604915422 24.0 -24.0 -17.0
804.0 -388.441142088 -74.0 74.0 77.0
805.0 -473.042679414 -110.0 110.0 76.0
806.0 -113.359651617 -37.0 37.0 53.0
807.0 353.331176672 60.0 -60.0 -38.0
808.0 486.98007083 104.0 -104.0 -62.0
809.0 160.17423354 44.0 -44.0 -39.0
810.0 -318.711994874 -55.0 55.0 53.0
811.0 -495.187327 -109.0 109.0 76.0
812.0 -200.302456846 -55.0 55.0 76.0
813.0 285.958410765 41.0 -41.0 -36.0
814.0 499.090693005 107.0 -107.0 -61.0
815.0 233.96490713 58.0 -58.0 -37.0
816.0 -256.141355878 -43.0 43.0 53.0
817.0 -499.988057826 -110.0 110.0 76.0
818.0 -261.517095579 -67.0 67.0 52.0
819.0 230.068901228 35.0 -35.0 -36.0
820.0 499.013364214 107.0 -107.0 -63.0
821.0 283.375698197 69.0 -69.0 -36.0
822.0 -208.33080783 -34.0 34.0 30.0
823.0 -497.116804185 -105.0 105.0 77.0
824.0 -299.958825076 -75.0 75.0 52.0
825.0 191.341716183 27.0 -27.0 6.0
826.0 495.055996571 97.0 -97.0 -63.0
827.0 311.639624084 74.0 -74.0 -16.0
828.0 -179.379487674 -32.0 32.0 30.0
829.0 -493.393968691 -104.0 104.0 53.0
830.0 -318.711994874 -74.0 74.0 76.0
831.0 172.616339492 19.0 -19.0 -16.0
832.0 492.500552735 101.0 -101.0 -65.0
833.0 321.367064065 77.0 -77.0 -36.0
834.0 -171.141270835 -27.0 27.0 30.0
835.0 -492.554663077 -104.0 104.0 77.0
836.0 -319.679242773 -79.0 79.0 53.0
837.0 174.972899694 24.0 -24.0 -17.0
838.0 493.545789667 102.0 -102.0 -67.0
839.0 313.601057566 76.0 -76.0 -38.0
840.0 -184.062276342 -29.0 29.0 30.0
841.0 -495.273903187 -105.0 105.0 81.0
842.0 -302.966432132 -76.0 76.0 53.0
843.0 198.28558502 29.0 -29.0 -16.0
844.0 497.34781921 102.0 -102.0 -36.0
845.0 287.502626022 64.0 -64.0 -38.0
846.0 -217.426968278 -35.0 35.0 52.0
847.0 -499.182920696 -110.0 110.0 76.0
848.0 -266.8515387 -68.0 68.0 77.0
849.0 241.152089348 32.0 -32.0 -16.0
850.0 500.0 103.0 -103.0 -62.0
851.0 240.601489659 60.0 -60.0 -38.0
852.0 -268.973563992 -46.0 46.0 53.0
853.0 -498.827850566 -110.0 110.0 76.0
854.0 -208.33080783 -56.0 56.0 53.0
855.0 300.210112663 49.0 -49.0 -17.0
856.0 494.513089998 102.0 -102.0 -36.0
857.0 169.664513082 41.0 -41.0 -39.0
858.0 -333.942258296 -58.0 58.0 77.0
859.0 -485.741472215 -112.0 112.0 76.0
860.0 -124.344943582 -40.0 40.0 52.0
861.0 368.968647934 63.0 -63.0 -38.0
862.0 471.075545902 101.0 -101.0 -61.0
863.0 72.3162615488 26.0 -26.0 -16.0
864.0 -403.768587685 -77.0 77.0 53.0
865.0 -449.01378788 -100.0 100.0 52.0
866.0 -13.8212469173 -13.0 13.0 30.0
867.0 436.478067086 81.0 -81.0 -38.0
868.0 418.076078787 91.0 -91.0 -38.0
869.0 -50.4934205803 -2.0 2.0 8.0
870.0 -464.888242944 -94.0 94.0 77.0
871.0 -376.919343441 -90.0 90.0 53.0
872.0 119.470112208 13.0 -13.0 8.0
873.0 486.476780482 95.0 -95.0 -39.0
874.0 324.485071503 72.0 -72.0 -38.0
875.0 -191.341716183 -30.0 30.0 30.0
876.0 -498.483217125 -105.0 105.0 76.0
877.0 -260.176999159 -67.0 67.0 53.0
878.0 263.655875738 42.0 -42.0 -16.0
879.0 498.039106992 102.0 -102.0 -62.0
880.0 184.062276342 49.0 -49.0 -38.0
881.0 -333.240212291 -59.0 59.0 53.0
882.0 -482.361512189 -107.0 107.0 53.0
883.0 -97.0829335788 -30.0 30.0 53.0
884.0 396.229998567 68.0 -68.0 -17.0
885.0 449.01378788 93.0 -93.0 -36.0
886.0 1.25663573855 7.0 -7.0 -19.0
887.0 -448.181333306 -85.0 85.0 77.0
888.0 -396.229998567 -94.0 94.0 53.0
889.0 100.16280107 9.0 -9.0 4.0
890.0 484.291580564 96.0 -96.0 -36.0
891.0 323.288388559 71.0 -71.0 -16.0
892.0 -202.60270638 -37.0 37.0 30.0
893.0 -499.743313555 -105.0 105.0 53.0
894.0 -230.905268574 -56.0 56.0 76.0
895.0 300.210112663 44.0 -44.0 -14.0
896.0 490.176941567 100.0 -100.0 -63.0
897.0 121.604365693 36.0 -36.0 -36.0
898.0 -386.056414409 -70.0 70.0 30.0
899.0 -452.27967443 -96.0 96.0 53.0
900.0 -2.05777801095e-11 -10.0 10.0 30.0
901.0 452.547199431 84.0 -84.0 -35.0
902.0 384.454394877 83.0 -83.0 -41.0
903.0 -127.08154524 -17.0 17.0 8.0
904.0 -492.060672273 -100.0 100.0 76.0
905.0 -287.502626022 -72.0 72.0 53.0
906.0 250.725168487 39.0 -39.0 8.0
907.0 497.81044904 97.0 -97.0 -62.0
908.0 165.224251086 45.0 -45.0 -35.0
909.0 -360.372358951 -65.0 65.0 30.0
910.0 -464.888242944 -98.0 98.0 53.0
911.0 -24.8083916831 -15.0 15.0 30.0
912.0 444.644346396 82.0 -82.0 -36.0
913.0 391.390982608 85.0 -85.0 -61.0
914.0 -123.127394651 -12.0 12.0 -14.0
915.0 -492.554663077 -95.0 95.0 77.0
916.0 -279.480685353 -71.0 71.0 53.0
917.0 264.989233934 42.0 -42.0 -16.0
918.0 495.055996571 102.0 -102.0 -39.0
919.0 136.173710933 35.0 -35.0 -38.0
920.0 -385.256621388 -69.0 69.0 52.0
921.0 -446.779760125 -99.0 99.0 52.0
922.0 26.3771283004 -5.0 5.0 10.0
923.0 468.164727343 91.0 -91.0 -16.0
924.0 347.730723597 72.0 -72.0 -36.0
925.0 -191.341716183 -31.0 31.0 8.0
926.0 -499.943152156 -101.0 101.0 76.0
927.0 -204.611227536 -56.0 56.0 52.0
928.0 338.592122959 57.0 -57.0 -38.0
929.0 471.39061654 101.0 -101.0 -63.0
930.0 31.3952597646 18.0 -18.0 -36.0
931.0 -447.06148759 -82.0 82.0 53.0
932.0 -380.406937859 -86.0 86.0 53.0
933.0 151.218217638 19.0 -19.0 8.0
934.0 497.954834588 97.0 -97.0 -41.0
935.0 233.96490713 54.0 -54.0 -38.0
936.0 -317.742733817 -55.0 55.0 30.0
937.0 -478.447363058 -101.0 101.0 78.0
938.0 -48.9304079348 -25.0 25.0 53.0
939.0 441.293402131 77.0 -77.0 -36.0
940.0 385.256621388 84.0 -84.0 -37.0
941.0 -148.820740996 -22.0 22.0 8.0
942.0 -498.175628495 -101.0 101.0 53.0
943.0 -227.275122999 -56.0 56.0 53.0
944.0 327.344021798 54.0 -54.0 -38.0
945.0 473.042679414 102.0 -102.0 -34.0
946.0 26.3771283003 12.0 -12.0 -16.0
947.0 -453.61014889 -87.0 87.0 53.0
948.0 -363.622936212 -83.0 83.0 53.0
949.0 184.354337888 26.0 -26.0 8.0
950.0 500.0 98.0 -98.0 -41.0
951.0 183.770142131 44.0 -44.0 -38.0
952.0 -365.343388928 -65.0 65.0 30.0
953.0 -451.202436552 -96.0 96.0 52.0
954.0 36.4102183017 -3.0 3.0 8.0
955.0 477.896507399 93.0 -93.0 -14.0
956.0 309.916909005 64.0 -64.0 -36.0
957.0 -254.25024757 -43.0 43.0 8.0
958.0 -493.137038319 -100.0 100.0 76.0
959.0 -99.5471400235 -35.0 35.0 30.0
960.0 422.163962751 78.0 -78.0 -38.0
961.0 400.595575946 87.0 -87.0 -62.0
962.0 -137.684455084 -15.0 15.0 -17.0
963.0 -498.307233205 -96.0 96.0 53.0
964.0 -214.02601143 -53.0 53.0 53.0
965.0 347.956398296 58.0 -58.0 -16.0
966.0 458.125447647 94.0 -94.0 -19.0
967.0 -27.945604586 -1.0 1.0 -17.0
968.0 -477.80403758 -92.0 92.0 53.0
969.0 -303.715649423 -71.0 71.0 53.0
970.0 267.91339749 42.0 -42.0 8.0
971.0 488.567361338 96.0 -96.0 -61.0
972.0 67.6502785275 25.0 -25.0 -37.0
973.0 -442.469436786 -81.0 81.0 53.0
974.0 -369.604041388 -84.0 84.0 52.0
975.0 191.341716183 27.0 -27.0 8.0
976.0 499.430039968 98.0 -98.0 -38.0
977.0 145.818614626 36.0 -36.0 -16.0
978.0 -401.533575422 -77.0 77.0 30.0
979.0 -415.122919998 -89.0 89.0 53.0
980.0 124.344943582 14.0 -14.0 30.0
981.0 498.094305523 93.0 -93.0 -62.0
982.0 206.043464453 53.0 -53.0 -66.0
983.0 -362.1100021 -59.0 59.0 8.0
984.0 -444.644346396 -90.0 90.0 30.0
985.0 70.4506159687 8.0 -8.0 6.0
986.0 490.906604143 96.0 -96.0 -36.0
987.0 249.364901777 57.0 -57.0 -63.0
988.0 -329.239660279 -53.0 53.0 8.0
989.0 -462.419201002 -94.0 94.0 53.0
990.0 31.3952597647 -4.0 4.0 8.0
991.0 482.772669908 94.0 -94.0 -35.0
992.0 277.393172371 62.0 -62.0 -35.0
993.0 -306.205231833 -54.0 54.0 10.0
994.0 -471.91201177 -96.0 96.0 53.0
995.0 7.85365865596 -9.0 9.0 30.0
996.0 477.057491445 89.0 -89.0 -38.0
997.0 291.60049771 65.0 -65.0 -62.0
998.0 -294.908337622 -46.0 46.0 6.0
999.0 -475.431083737 -96.0 96.0 53.0
1000.0 1.96438672373e-12 -10.0 10.0 8.0
1001.0 475.625244828 93.0 -93.0 -41.0
1002.0 292.875058285 66.0 -66.0 -63.0
1003.0 -296.175356651 -46.0 46.0 8.0
1004.0 -473.950966111 -96.0 96.0 52.0
1005.0 7.85365865594 -8.0 8.0 30.0
1006.0 478.901215481 89.0 -89.0 -36.0
1007.0 281.301468459 63.0 -63.0 -63.0
1008.0 -309.916909005 -49.0 49.0 10.0
1009.0 -467.052408927 -95.0 95.0 52.0
1010.0 31.3952597646 -4.0 4.0 8.0
1011.0 485.890068907 95.0 -95.0 -39.0
1012.0 256.141355878 59.0 -59.0 -63.0
1013.0 -335.109697039 -54.0 54.0 8.0
1014.0 -452.947146863 -92.0 92.0 53.0
1015.0 70.4506159688 3.0 -3.0 8.0
1016.0 494.135532309 97.0 -97.0 -17.0
1017.0 216.011393981 46.0 -46.0 -39.0
1018.0 -369.604041388 -66.0 66.0 8.0
1019.0 -428.601627527 -87.0 87.0 30.0
1020.0 124.344943583 18.0 -18.0 10.0
1021.0 499.656478414 97.0 -97.0 -38.0
1022.0 159.281140512 39.0 -39.0 -61.0
1023.0 -409.796138893 -69.0 69.0 30.0
1024.0 -390.018700883 -84.0 84.0 10.0
1025.0 191.341716183 36.0 -36.0 8.0
1026.0 496.945905579 97.0 -97.0 -63.0
1027.0 84.7263550548 29.0 -29.0 -65.0
1028.0 -450.250500794 -77.0 77.0 8.0
1029.0 -332.771523678 -68.0 68.0 8.0
1030.0 267.91339749 51.0 -51.0 -19.0
1031.0 479.17125847 99.0 -99.0 -65.0
1032.0 -7.53953661803 11.0 -11.0 -63.0
1033.0 -483.420609863 -84.0 84.0 28.0
1034.0 -252.89644257 -56.0 56.0 30.0
1035.0 347.956398296 63.0 -63.0 -16.0
1036.0 438.757345099 90.0 -90.0 -37.0
1037.0 -114.888982707 -15.0 15.0 -38.0
1038.0 -499.690521137 -92.0 92.0 30.0
1039.0 -148.220781948 -35.0 35.0 30.0
1040.0 422.163962751 78.0 -78.0 -35.0
1041.0 368.544323845 80.0 -80.0 -62.0
1042.0 -230.905268574 -33.0 33.0 -16.0
1043.0 -488.026816366 -94.0 94.0 53.0
1044.0 -20.1007746815 -14.0 14.0 10.0
1045.0 477.896507399 93.0 -93.0 -16.0
1046.0 263.655875738 55.0 -55.0 -41.0
1047.0 -344.329179701 -60.0 60.0 8.0
1048.0 -437.546567331 -89.0 89.0 30.0
1049.0 124.649208392 18.0 -18.0 4.0
1050.0 500.0 99.0 -99.0 -38.0
1051.0 124.040629683 32.0 -32.0 -36.0
1052.0 -438.757345099 -80.0 80.0 8.0
1053.0 -340.206981198 -69.0 69.0 8.0
1054.0 272.143842869 52.0 -52.0 -16.0
1055.0 473.042679414 97.0 -97.0 -63.0
1056.0 -42.6736824529 4.0 -4.0 -38.0
1057.0 -493.794927483 -91.0 91.0 30.0
1058.0 -194.529819159 -44.0 44.0 8.0
1059.0 400.971250702 78.0 -78.0 -17.0
1060.0 385.256621388 80.0 -80.0 -63.0
1061.0 -218.840396658 -31.0 31.0 -16.0
1062.0 -488.366102834 -94.0 94.0 53.0
1063.0 -9.73832143246 -12.0 12.0 8.0
1064.0 483.97753844 95.0 -95.0 -36.0
1065.0 233.96490713 53.0 -53.0 -39.0
1066.0 -376.299410177 -67.0 67.0 8.0
1067.0 -406.530059608 -82.0 82.0 30.0
1068.0 191.051433117 32.0 -32.0 8.0
1069.0 493.291780753 97.0 -97.0 -35.0
1070.0 31.3952597646 13.0 -13.0 -36.0
1071.0 -479.350341343 -88.0 88.0 8.0
1072.0 -245.269388686 -50.0 50.0 8.0
1073.0 370.660111088 72.0 -72.0 -16.0
1074.0 408.894134749 84.0 -84.0 -62.0
1075.0 -191.341716183 -25.0 25.0 -35.0
1076.0 -492.500552735 -91.0 91.0 30.0
1077.0 -22.2979102517 -10.0 10.0 30.0
1078.0 483.017077707 90.0 -90.0 -39.0
1079.0 229.510868676 53.0 -53.0 -38.0
1080.0 -385.256621388 -69.0 69.0 8.0
1081.0 -392.950032155 -80.0 80.0 28.0
1082.0 219.687417843 38.0 -38.0 8.0
1083.0 485.139417289 95.0 -95.0 -61.0
1084.0 -17.5892889526 8.0 -8.0 -16.0
1085.0 -492.554663077 -95.0 95.0 8.0
1086.0 -185.230085385 -38.0 38.0 8.0
1087.0 416.865829836 81.0 -81.0 -36.0
1088.0 354.883739929 78.0 -78.0 -35.0
1089.0 -273.460236617 -47.0 47.0 -16.0
1090.0 -464.888242944 -89.0 89.0 30.0
1091.0 87.8208222013 11.0 -11.0 30.0
1092.0 499.872095381 93.0 -93.0 -35.0
1093.0 109.378192441 28.0 -28.0 -63.0
1094.0 -457.112834394 -78.0 78.0 30.0
1095.0 -287.502626022 -63.0 63.0 8.0
1096.0 345.92039147 67.0 -67.0 -16.0
1097.0 420.642206395 87.0 -87.0 -66.0
1098.0 -185.230085385 -23.0 23.0 -38.0
1099.0 -491.084660844 -90.0 90.0 8.0
1100.0 -5.38980767365e-11 -1.0 1.0 8.0
1101.0 491.202395989 96.0 -96.0 -38.0
1102.0 182.893304663 44.0 -44.0 -63.0
1103.0 -423.672219387 -72.0 72.0 8.0
1104.0 -338.592122959 -69.0 69.0 8.0
1105.0 300.210112663 58.0 -58.0 8.0
1106.0 447.482754952 87.0 -87.0 -61.0
1107.0 -139.193840345 -15.0 15.0 -35.0
1108.0 -497.34781921 -92.0 92.0 8.0
1109.0 -37.3501286427 -9.0 9.0 30.0
1110.0 484.291580564 90.0 -90.0 -39.0
1111.0 206.901831395 49.0 -49.0 -64.0
1112.0 -412.477848779 -69.0 69.0 -16.0
1113.0 -349.307558655 -66.0 66.0 6.0
1114.0 292.875058285 57.0 -57.0 8.0
1115.0 449.01378788 88.0 -88.0 -63.0
1116.0 -141.304668415 -15.0 15.0 -16.0
1117.0 -496.478619765 -96.0 96.0 8.0
1118.0 -23.8670311943 -6.0 6.0 8.0
1119.0 488.700569325 96.0 -96.0 -35.0
1120.0 184.062276342 43.0 -43.0 -81.0
1121.0 -428.924859398 -69.0 69.0 10.0
1122.0 -322.568846488 -66.0 66.0 8.0
1123.0 325.678551911 63.0 -63.0 -17.0
1124.0 426.15585027 88.0 -88.0 -65.0
1125.0 -191.341716183 -25.0 25.0 -36.0
1126.0 -486.111525211 -90.0 90.0 6.0
1127.0 40.4821859162 6.0 -6.0 8.0
1128.0 498.672533837 98.0 -98.0 -36.0
1129.0 111.829201714 29.0 -29.0 -41.0
1130.0 -464.888242944 -84.0 84.0 10.0
1131.0 -251.540141584 -52.0 52.0 8.0
1132.0 390.018700883 76.0 -76.0 -16.0
1133.0 366.841214382 76.0 -76.0 -35.0
1134.0 -282.598698275 -49.0 49.0 -16.0
1135.0 -449.01378788 -86.0 86.0 8.0
1136.0 153.3128776 29.0 -29.0 8.0
1137.0 492.875240883 96.0 -96.0 -63.0
1138.0 -13.8212469173 9.0 -9.0 -62.0
1139.0 -496.841012071 -86.0 86.0 8.0
1140.0 -124.344943582 -26.0 26.0 8.0
1141.0 462.65782323 90.0 -90.0 -16.0
1142.0 250.725168487 53.0 -53.0 -66.0
1143.0 -394.884877786 -65.0 65.0 8.0
1144.0 -356.649690057 -72.0 72.0 8.0
1145.0 300.210112663 58.0 -58.0 4.0
1146.0 435.709681983 86.0 -86.0 -63.0
1147.0 -186.688200492 -24.0 24.0 -36.0
1148.0 -483.97753844 -89.0 89.0 10.0
1149.0 62.9782864175 10.0 -10.0 8.0
1150.0 500.0 98.0 -98.0 -63.0
1151.0 62.3549224071 25.0 -25.0 -61.0
1152.0 -484.60256364 -84.0 84.0 8.0
1153.0 -181.430466354 -37.0 37.0 8.0
1154.0 440.552716576 86.0 -86.0 -35.0
1155.0 287.502626022 64.0 -64.0 -63.0
1156.0 -372.132460455 -61.0 61.0 -17.0
1157.0 -375.263218018 -71.0 71.0 8.0
1158.0 284.668459263 55.0 -55.0 6.0
1159.0 440.997650147 86.0 -86.0 -64.0
1160.0 -184.062276342 -24.0 24.0 -35.0
1161.0 -482.608778367 -89.0 89.0 4.0
1162.0 76.3549324492 14.0 -14.0 10.0
1163.0 499.530181729 97.0 -97.0 -63.0
1164.0 32.6493166648 19.0 -19.0 -66.0
1165.0 -492.554663077 -85.0 85.0 8.0
1166.0 -137.684455084 -29.0 29.0 10.0
1167.0 463.605002391 90.0 -90.0 -35.0
1168.0 234.24250409 53.0 -53.0 -63.0
1169.0 -415.472815244 -70.0 70.0 -16.0
1170.0 -318.711994874 -60.0 60.0 8.0
1171.0 351.548451062 68.0 -68.0 -17.0
1172.0 388.441142088 81.0 -81.0 -63.0
1173.0 -275.560847418 -42.0 42.0 -36.0
1174.0 -441.735723343 -81.0 81.0 4.0
1175.0 191.341716183 37.0 -37.0 10.0
1176.0 477.80403758 93.0 -93.0 -63.0
1177.0 -102.623853829 -7.0 7.0 -41.0
1178.0 -496.662266846 -91.0 91.0 8.0
1179.0 12.8791052713 0.0 0.0 8.0
1180.0 499.013364214 98.0 -98.0 -36.0
1181.0 74.8021856483 22.0 -22.0 -64.0
1182.0 -486.111525211 -84.0 84.0 -16.0
1183.0 -157.791396068 -28.0 28.0 8.0
1184.0 459.622656375 90.0 -90.0 -17.0
1185.0 233.96490713 50.0 -50.0 -61.0
1186.0 -421.489290342 -72.0 72.0 -16.0
1187.0 -301.715345836 -57.0 57.0 8.0
1188.0 373.806329085 73.0 -73.0 -17.0
1189.0 359.936523754 75.0 -75.0 -63.0
1190.0 -318.711994874 -51.0 51.0 -39.0
1191.0 -407.988094985 -73.0 73.0 8.0
1192.0 258.296553164 50.0 -50.0 -16.0
1193.0 445.645799468 92.0 -92.0 -66.0
1194.0 -194.529819159 -25.0 25.0 -38.0
1195.0 -473.042679414 -87.0 87.0 8.0
1196.0 129.207208172 24.0 -24.0 -14.0
1197.0 490.605967247 100.0 -100.0 -63.0
1198.0 -63.9131456544 0.0 0.0 -61.0
1199.0 -498.993539491 -87.0 87.0 10.0
1200.0 -1.76349139077e-11 -2.0 2.0 8.0
1201.0 499.032991935 98.0 -98.0 -34.0
1202.0 61.4196920736 19.0 -19.0 -63.0
1203.0 -491.66557797 -85.0 85.0 -17.0
1204.0 -119.470112208 -20.0 20.0 8.0
1205.0 477.896507399 93.0 -93.0 -34.0
1206.0 173.500563864 41.0 -41.0 -66.0
1207.0 -458.752454582 -78.0 78.0 -17.0
1208.0 -223.067666909 -41.0 41.0 8.0
1209.0 435.246586301 85.0 -85.0 -21.0
1210.0 267.913397489 57.0 -57.0 -63.0
1211.0 -408.350994593 -69.0 69.0 -14.0
1212.0 -307.940752716 -58.0 58.0 30.0
1213.0 378.976103206 69.0 -69.0 -17.0
1214.0 343.188520001 72.0 -72.0 -63.0
1215.0 -347.956398296 -56.0 56.0 -36.0
1216.0 -373.806329085 -67.0 67.0 8.0
1217.0 316.041701228 61.0 -61.0 -14.0
1218.0 400.030877882 82.0 -82.0 -62.0
1219.0 -283.893138955 -44.0 44.0 -38.0
1220.0 -422.163962751 -76.0 76.0 -15.0
1221.0 252.082960641 53.0 -53.0 -14.0
1222.0 440.552716576 90.0 -90.0 -84.0
1223.0 -221.09738375 -27.0 27.0 -63.0
1224.0 -455.572267326 -78.0 78.0 -16.0
1225.0 191.341716182 41.0 -41.0 -19.0
1226.0 467.6108757 97.0 -97.0 -83.0
1227.0 -163.147082263 -16.0 16.0 -61.0
1228.0 -477.057491445 -83.0 83.0 -16.0
1229.0 136.778170706 30.0 -30.0 8.0
1230.0 484.291580564 95.0 -95.0 -62.0
1231.0 -112.441514966 -10.0 10.0 -61.0
1232.0 -489.675016169 -85.0 85.0 -17.0
1233.0 90.2939055265 21.0 -21.0 -16.0
1234.0 493.545789667 101.0 -101.0 -63.0
1235.0 -70.4506159688 -1.0 1.0 -63.0
1236.0 -496.213282194 -86.0 86.0 -17.0
1237.0 52.9931978303 13.0 -13.0 -16.0
1238.0 497.954834588 102.0 -102.0 -39.0
1239.0 -37.9766620164 0.0 0.0 -64.0
1240.0 -499.013364214 -87.0 87.0 -16.0
1241.0 25.4359165789 8.0 -8.0 6.0
1242.0 499.595795476 98.0 -98.0 -38.0
1243.0 -15.3913722128 4.0 -4.0 -61.0
1244.0 -499.872095381 -87.0 87.0 -16.0
1245.0 7.85365865593 4.0 -4.0 8.0
1246.0 499.974734026 98.0 -98.0 -63.0
1247.0 -2.82741831924 12.0 -12.0 -63.0
1248.0 -499.998420864 -87.0 87.0 -17.0
1249.0 0.314159244668 3.0 -3.0 -16.0
1250.0 500.0 103.0 -103.0 -63.0
1251.0 -0.314159244606 12.0 -12.0 -66.0
1252.0 -499.998420864 -86.0 86.0 -17.0
1253.0 2.82741831933 3.0 -3.0 8.0
1254.0 499.974734026 98.0 -98.0 -39.0
1255.0 -7.85365865596 6.0 -6.0 -63.0
1256.0 -499.872095381 -87.0 87.0 -14.0
1257.0 15.3913722128 5.0 -5.0 6.0
1258.0 499.595795476 98.0 -98.0 -35.0
1259.0 -25.4359165789 1.0 -1.0 -63.0
1260.0 -499.013364214 -87.0 87.0 8.0
1261.0 37.9766620164 5.0 -5.0 8.0
1262.0 497.954834588 97.0 -97.0 -16.0
1263.0 -52.9931978302 -7.0 7.0 -63.0
1264.0 -496.213282194 -86.0 86.0 8.0
1265.0 70.4506159688 12.0 -12.0 8.0
1266.0 493.545789667 97.0 -97.0 -14.0
1267.0 -90.2939055264 -15.0 15.0 -66.0
1268.0 -489.675016169 -84.0 84.0 8.0
1269.0 112.441514966 20.0 -20.0 8.0
1270.0 484.291580564 95.0 -95.0 -39.0
1271.0 -136.778170706 -19.0 19.0 -63.0
1272.0 -477.057491445 -82.0 82.0 8.0
1273.0 163.147082263 31.0 -31.0 4.0
1274.0 467.6108757 92.0 -92.0 -38.0
1275.0 -191.341716183 -30.0 30.0 -63.0
1276.0 -455.572267326 -78.0 78.0 8.0
1277.0 221.09738375 42.0 -42.0 8.0
1278.0 440.552716576 86.0 -86.0 -61.0
1279.0 -252.082960641 -38.0 38.0 -36.0
1280.0 -422.163962751 -77.0 77.0 8.0
1281.0 283.893138955 55.0 -55.0 8.0
1282.0 400.030877882 78.0 -78.0 -63.0
1283.0 -316.041701228 -50.0 50.0 -35.0
1284.0 -373.806329085 -67.0 67.0 8.0
1285.0 347.956398296 67.0 -67.0 -16.0
1286.0 343.188520001 71.0 -71.0 -39.0
1287.0 -378.976103206 -67.0 67.0 -38.0
1288.0 -307.940752716 -53.0 53.0 8.0
1289.0 408.350994593 80.0 -80.0 -19.0
1290.0 267.913397489 57.0 -57.0 -37.0
1291.0 -435.246586301 -79.0 79.0 -16.0
1292.0 -223.067666909 -41.0 41.0 8.0
1293.0 458.752454582 90.0 -90.0 -38.0
1294.0 173.500563864 42.0 -42.0 -63.0
1295.0 -477.896507399 -82.0 82.0 -16.0
1296.0 -119.470112208 -20.0 20.0 8.0
1297.0 491.66557797 96.0 -96.0 -35.0
1298.0 61.4196920736 19.0 -19.0 -63.0
1299.0 -499.032991935 -87.0 87.0 -17.0
1300.0 -2.93296251159e-12 3.0 -3.0 8.0
1301.0 498.993539491 98.0 -98.0 -36.0
1302.0 -63.9131456543 -5.0 5.0 -39.0
1303.0 -490.605967247 -90.0 90.0 8.0
1304.0 129.207208172 24.0 -24.0 8.0
1305.0 473.042679414 93.0 -93.0 -19.0
1306.0 -194.529819159 -35.0 35.0 -38.0
1307.0 -445.645799468 -81.0 81.0 8.0
1308.0 258.296553164 50.0 -50.0 -14.0
1309.0 407.988094985 84.0 -84.0 -38.0
1310.0 -318.711994874 -56.0 56.0 -36.0
1311.0 -359.936523754 -64.0 64.0 8.0
1312.0 373.806329085 73.0 -73.0 8.0
1313.0 301.715345836 58.0 -58.0 -36.0
1314.0 -421.489290342 -77.0 77.0 -16.0
1315.0 -233.96490713 -43.0 43.0 8.0
1316.0 459.622656375 90.0 -90.0 -17.0
1317.0 157.791396068 34.0 -34.0 -63.0
1318.0 -486.111525211 -84.0 84.0 -19.0
1319.0 -74.8021856484 -11.0 11.0 8.0
1320.0 499.013364214 98.0 -98.0 -36.0
1321.0 -12.8791052713 4.0 -4.0 -41.0
1322.0 -496.662266846 -91.0 91.0 8.0
1323.0 102.623853829 18.0 -18.0 10.0
1324.0 477.80403758 93.0 -93.0 -35.0
1325.0 -191.341716183 -31.0 31.0 -35.0
1326.0 -441.735723343 -81.0 81.0 -14.0
1327.0 275.560847418 57.0 -57.0 -16.0
1328.0 388.441142088 80.0 -80.0 -38.0
1329.0 -351.548451062 -62.0 62.0 -35.0
1330.0 -318.711994874 -56.0 56.0 8.0
1331.0 415.472815244 81.0 -81.0 -17.0
1332.0 234.24250409 50.0 -50.0 -65.0
1333.0 -463.605002391 -79.0 79.0 -16.0
1334.0 -137.684455084 -24.0 24.0 6.0
1335.0 492.554663077 97.0 -97.0 -38.0
1336.0 32.6493166648 14.0 -14.0 -35.0
1337.0 -499.530181729 -92.0 92.0 6.0
1338.0 76.3549324491 14.0 -14.0 8.0
1339.0 482.608778367 94.0 -94.0 -36.0
1340.0 -184.062276342 -29.0 29.0 -36.0
1341.0 -440.997650147 -80.0 80.0 8.0
1342.0 284.668459263 55.0 -55.0 8.0
1343.0 375.263218018 73.0 -73.0 -35.0
1344.0 -372.132460455 -67.0 67.0 -38.0
1345.0 -287.502626022 -49.0 49.0 8.0
1346.0 440.552716576 86.0 -86.0 -14.0
1347.0 181.430466354 39.0 -39.0 -39.0
1348.0 -484.60256364 -89.0 89.0 -15.0
1349.0 -62.354922407 -9.0 9.0 8.0
1350.0 500.0 98.0 -98.0 -39.0
1351.0 -62.9782864175 -4.0 4.0 -38.0
1352.0 -483.97753844 -89.0 89.0 8.0
1353.0 186.688200492 35.0 -35.0 6.0
1354.0 435.709681983 85.0 -85.0 -35.0
1355.0 -300.210112663 -53.0 53.0 -63.0
1356.0 -356.649690057 -58.0 58.0 8.0
1357.0 394.884877786 77.0 -77.0 -17.0
1358.0 250.725168487 53.0 -53.0 -61.0
1359.0 -462.65782323 -80.0 80.0 -16.0
1360.0 -124.344943582 -21.0 21.0 8.0
1361.0 496.841012071 97.0 -97.0 -16.0
1362.0 -13.8212469174 0.0 0.0 -34.0
1363.0 -492.875240883 -91.0 91.0 8.0
1364.0 153.3128776 29.0 -29.0 8.0
1365.0 449.01378788 88.0 -88.0 -35.0
1366.0 -282.598698275 -49.0 49.0 -19.0
1367.0 -366.841214382 -69.0 69.0 8.0
1368.0 390.018700883 76.0 -76.0 8.0
1369.0 251.540141584 48.0 -48.0 -39.0
1370.0 -464.888242944 -85.0 85.0 -17.0
1371.0 -111.829201714 -18.0 18.0 10.0
1372.0 498.672533837 97.0 -97.0 -16.0
1373.0 -40.4821859163 -4.0 4.0 -38.0
1374.0 -486.111525211 -89.0 89.0 -16.0
1375.0 191.341716183 41.0 -41.0 8.0
1376.0 426.15585027 83.0 -83.0 -35.0
1377.0 -325.67855191 -58.0 58.0 -16.0
1378.0 -322.568846488 -61.0 61.0 8.0
1379.0 428.924859398 84.0 -84.0 8.0
1380.0 184.062276342 35.0 -35.0 -38.0
1381.0 -488.700569325 -90.0 90.0 -16.0
1382.0 -23.8670311942 -1.0 1.0 4.0
1383.0 496.478619765 98.0 -98.0 -35.0
1384.0 -141.304668415 -21.0 21.0 -36.0
1385.0 -449.01378788 -82.0 82.0 4.0
1386.0 292.875058285 57.0 -57.0 8.0
1387.0 349.307558655 68.0 -68.0 -34.0
1388.0 -412.477848779 -75.0 75.0 -16.0
1389.0 -206.901831395 -38.0 38.0 8.0
1390.0 484.291580564 95.0 -95.0 -16.0
1391.0 37.3501286426 10.0 -10.0 -14.0
1392.0 -497.34781921 -96.0 96.0 8.0
1393.0 139.193840345 26.0 -26.0 8.0
1394.0 447.482754953 87.0 -87.0 -36.0
1395.0 -300.210112663 -52.0 52.0 -17.0
1396.0 -338.592122959 -64.0 64.0 10.0
1397.0 423.672219387 82.0 -82.0 8.0
1398.0 182.893304663 34.0 -34.0 -19.0
1399.0 -491.202395989 -94.0 94.0 -15.0
1400.0 -6.66356414089e-11 2.0 -2.0 8.0
1401.0 491.084660844 96.0 -96.0 -39.0
1402.0 -185.230085384 -29.0 29.0 -17.0
1403.0 -420.642206395 -80.0 80.0 8.0
1404.0 345.92039147 67.0 -67.0 8.0
1405.0 287.502626022 55.0 -55.0 -35.0
1406.0 -457.112834394 -84.0 84.0 -14.0
1407.0 -109.378192441 -19.0 19.0 8.0
1408.0 499.872095381 98.0 -98.0 -38.0
1409.0 -87.8208222012 -9.0 9.0 -14.0
1410.0 -464.888242944 -90.0 90.0 8.0
1411.0 273.460236617 53.0 -53.0 8.0
1412.0 354.883739929 69.0 -69.0 -35.0
1413.0 -416.865829836 -76.0 76.0 -16.0
1414.0 -185.230085385 -33.0 33.0 6.0
1415.0 492.554663077 97.0 -97.0 -38.0
1416.0 -17.5892889526 4.0 -4.0 -14.0
1417.0 -485.139417289 -94.0 94.0 6.0
1418.0 219.687417843 42.0 -42.0 8.0
1419.0 392.950032155 76.0 -76.0 -35.0
1420.0 -385.256621388 -70.0 70.0 -17.0
1421.0 -229.510868676 -42.0 42.0 8.0
1422.0 483.017077707 95.0 -95.0 -16.0
1423.0 22.2979102516 7.0 -7.0 -36.0
1424.0 -492.500552735 -91.0 91.0 8.0
1425.0 191.341716183 36.0 -36.0 8.0
1426.0 408.894134749 80.0 -80.0 -34.0
1427.0 -370.660111088 -67.0 67.0 -17.0
1428.0 -245.269388685 -45.0 45.0 8.0
1429.0 479.350341343 94.0 -94.0 -16.0
1430.0 31.3952597646 9.0 -9.0 -39.0
1431.0 -493.291780753 -90.0 90.0 8.0
1432.0 191.051433117 36.0 -36.0 8.0
1433.0 406.530059608 79.0 -79.0 -39.0
1434.0 -376.299410177 -67.0 67.0 -17.0
1435.0 -233.96490713 -43.0 43.0 8.0
1436.0 483.97753844 95.0 -95.0 -16.0
1437.0 9.73832143244 5.0 -5.0 -35.0
1438.0 -488.366102834 -90.0 90.0 8.0
1439.0 218.840396658 42.0 -42.0 8.0
1440.0 385.256621388 75.0 -75.0 -37.0
1441.0 -400.971250702 -72.0 72.0 -16.0
1442.0 -194.529819159 -35.0 35.0 8.0
1443.0 493.794927483 97.0 -97.0 -41.0
1444.0 -42.6736824527 0.0 0.0 -35.0
1445.0 -473.042679414 -87.0 87.0 8.0
1446.0 272.143842869 52.0 -52.0 6.0
1447.0 340.206981198 66.0 -66.0 -38.0
1448.0 -438.757345099 -80.0 80.0 -16.0
1449.0 -124.040629683 -21.0 21.0 6.0
1450.0 500.0 98.0 -98.0 -35.0
1451.0 -124.649208392 -17.0 17.0 -36.0
1452.0 -437.546567331 -80.0 80.0 8.0
1453.0 344.329179701 67.0 -67.0 8.0
1454.0 263.655875738 51.0 -51.0 -16.0
1455.0 -477.896507399 -92.0 92.0 -14.0
1456.0 -20.1007746814 -1.0 1.0 8.0
1457.0 488.026816366 96.0 -96.0 -14.0
1458.0 -230.905268574 -43.0 43.0 -16.0
1459.0 -368.544323845 -70.0 70.0 8.0
1460.0 422.163962751 82.0 -82.0 8.0
1461.0 148.220781948 28.0 -28.0 -16.0
1462.0 -499.690521137 -96.0 96.0 -19.0
1463.0 114.888982707 26.0 -26.0 8.0
1464.0 438.757345099 86.0 -86.0 -16.0
1465.0 -347.956398296 -66.0 66.0 -19.0
1466.0 -252.89644257 -46.0 46.0 30.0
1467.0 483.420609863 90.0 -90.0 -16.0
1468.0 -7.539536618 1.0 -1.0 -16.0
1469.0 -479.17125847 -92.0 92.0 30.0
1470.0 267.91339749 47.0 -47.0 30.0
1471.0 332.771523678 60.0 -60.0 -16.0
1472.0 -450.250500794 -86.0 86.0 -17.0
1473.0 -84.7263550547 -13.0 13.0 30.0
1474.0 496.945905579 93.0 -93.0 -16.0
1475.0 -191.341716183 -35.0 35.0 -17.0
1476.0 -390.018700883 -74.0 74.0 8.0
1477.0 409.796138892 80.0 -80.0 8.0
1478.0 159.281140512 30.0 -30.0 -21.0
1479.0 -499.656478414 -95.0 95.0 -17.0
1480.0 124.344943582 28.0 -28.0 30.0
1481.0 428.601627527 79.0 -79.0 -19.0
1482.0 -369.604041388 -70.0 70.0 -17.0
1483.0 -216.011393981 -39.0 39.0 8.0
1484.0 494.135532309 97.0 -97.0 -16.0
1485.0 -70.4506159688 -10.0 10.0 -17.0
1486.0 -452.947146863 -87.0 87.0 -16.0
1487.0 335.109697039 70.0 -70.0 30.0
1488.0 256.141355878 45.0 -45.0 -17.0
1489.0 -485.890068907 -93.0 93.0 -14.0
1490.0 31.3952597647 9.0 -9.0 8.0
1491.0 467.052408927 91.0 -91.0 -15.0
1492.0 -309.916909005 -58.0 58.0 -17.0
1493.0 -281.301468459 -52.0 52.0 8.0
1494.0 478.901215481 94.0 -94.0 -19.0
1495.0 -7.85365865593 2.0 -2.0 -15.0
1496.0 -473.950966111 -91.0 91.0 -14.0
1497.0 296.175356651 62.0 -62.0 4.0
1498.0 292.875058285 57.0 -57.0 -17.0
1499.0 -475.625244828 -91.0 91.0 -16.0
1500.0 -3.82126940172e-11 3.0 -3.0 8.0
1501.0 475.431083737 93.0 -93.0 -17.0
1502.0 -294.908337622 -55.0 55.0 -14.0
1503.0 -291.60049771 -55.0 55.0 -16.0
1504.0 477.057491445 98.0 -98.0 -15.0
1505.0 -7.85365865601 1.0 -1.0 -16.0
1506.0 -471.91201177 -91.0 91.0 -16.0
1507.0 306.205231833 64.0 -64.0 8.0
1508.0 277.393172371 53.0 -53.0 -17.0
1509.0 -482.772669908 -93.0 93.0 -16.0
1510.0 31.3952597646 9.0 -9.0 6.0
1511.0 462.419201002 91.0 -91.0 -17.0
1512.0 -329.239660279 -62.0 62.0 -14.0
1513.0 -249.364901777 -47.0 47.0 28.0
1514.0 490.906604143 92.0 -92.0 -15.0
1515.0 -70.4506159687 -11.0 11.0 -16.0
1516.0 -444.644346396 -85.0 85.0 -14.0
1517.0 362.1100021 75.0 -75.0 8.0
1518.0 206.043464453 39.0 -39.0 -16.0
1519.0 -498.094305523 -96.0 96.0 5.0
1520.0 124.344943582 23.0 -23.0 30.0
1521.0 415.122919998 77.0 -77.0 -16.0
1522.0 -401.533575422 -77.0 77.0 -17.0
1523.0 -145.818614625 -25.0 25.0 30.0
1524.0 499.430039968 93.0 -93.0 -17.0
1525.0 -191.341716183 -34.0 34.0 -16.0
1526.0 -369.604041388 -70.0 70.0 4.0
1527.0 442.469436786 87.0 -87.0 8.0
1528.0 67.6502785275 11.0 -11.0 -14.0
1529.0 -488.567361338 -94.0 94.0 -19.0
1530.0 267.91339749 57.0 -57.0 30.0
1531.0 303.715649423 54.0 -54.0 -16.0
1532.0 -477.80403758 -92.0 92.0 -16.0
1533.0 27.945604586 8.0 -8.0 8.0
1534.0 458.125447647 90.0 -90.0 -16.0
1535.0 -347.956398296 -66.0 66.0 -14.0
1536.0 -214.026011431 -40.0 40.0 8.0
1537.0 498.307233205 98.0 -98.0 6.0
1538.0 -137.684455084 -28.0 28.0 -16.0
1539.0 -400.595575946 -76.0 76.0 8.0
1540.0 422.163962751 82.0 -82.0 -15.0
1541.0 99.5471400235 22.0 -22.0 -14.0
1542.0 -493.137038319 -95.0 95.0 -21.0
1543.0 254.25024757 55.0 -55.0 8.0
1544.0 309.916909006 60.0 -60.0 -14.0
1545.0 -477.896507399 -92.0 92.0 -19.0
1546.0 36.4102183017 11.0 -11.0 8.0
1547.0 451.202436552 88.0 -88.0 -16.0
1548.0 -365.343388928 -69.0 69.0 -17.0
1549.0 -183.770142131 -33.0 33.0 8.0
1550.0 500.0 98.0 -98.0 -16.0
1551.0 -184.354337888 -33.0 33.0 -16.0
1552.0 -363.622936212 -69.0 69.0 8.0
1553.0 453.61014889 89.0 -89.0 -16.0
1554.0 26.3771283002 8.0 -8.0 -16.0
1555.0 -473.042679414 -91.0 91.0 -17.0
1556.0 327.344021798 68.0 -68.0 5.0
1557.0 227.275122999 44.0 -44.0 -17.0
1558.0 -498.175628495 -96.0 96.0 -19.0
1559.0 148.820740996 33.0 -33.0 30.0
1560.0 385.256621388 71.0 -71.0 -14.0
1561.0 -441.293402131 -85.0 85.0 -19.0
1562.0 -48.9304079347 -5.0 5.0 8.0
1563.0 478.447363058 94.0 -94.0 -14.0
1564.0 -317.742733817 -60.0 60.0 -14.0
1565.0 -233.96490713 -43.0 43.0 8.0
1566.0 497.954834588 97.0 -97.0 6.0
1567.0 -151.218217638 -31.0 31.0 -16.0
1568.0 -380.406937859 -72.0 72.0 8.0
1569.0 447.061487589 87.0 -87.0 6.0
1570.0 31.3952597646 5.0 -5.0 -14.0
1571.0 -471.39061654 -91.0 91.0 8.0
1572.0 338.592122959 66.0 -66.0 -17.0
1573.0 204.611227536 44.0 -44.0 -16.0
1574.0 -499.943152156 -96.0 96.0 -21.0
1575.0 191.341716183 42.0 -42.0 8.0
1576.0 347.730723597 67.0 -67.0 -16.0
1577.0 -468.164727343 -90.0 90.0 -19.0
1578.0 26.3771283003 9.0 -9.0 8.0
1579.0 446.779760124 87.0 -87.0 -16.0
1580.0 -385.256621388 -73.0 73.0 -16.0
1581.0 -136.173710933 -24.0 24.0 8.0
1582.0 495.055996571 97.0 -97.0 -16.0
1583.0 -264.989233934 -49.0 49.0 -16.0
1584.0 -279.480685353 -52.0 52.0 30.0
1585.0 492.554663077 92.0 -92.0 8.0
1586.0 -123.127394651 -26.0 26.0 -16.0
1587.0 -391.390982608 -75.0 75.0 30.0
1588.0 444.644346396 82.0 -82.0 30.0
1589.0 24.808391683 -1.0 1.0 -16.0
1590.0 -464.888242944 -89.0 89.0 6.0
1591.0 360.372358951 70.0 -70.0 8.0
1592.0 165.224251086 31.0 -31.0 -16.0
1593.0 -497.81044904 -96.0 96.0 4.0
1594.0 250.725168487 49.0 -49.0 8.0
1595.0 287.502626022 55.0 -55.0 -14.0
1596.0 -492.060672273 -95.0 95.0 -16.0
1597.0 127.08154524 28.0 -28.0 8.0
1598.0 384.454394877 75.0 -75.0 -14.0
1599.0 -452.547199431 -87.0 87.0 -16.0
1600.0 -3.13509580582e-11 3.0 -3.0 8.0
1601.0 452.27967443 88.0 -88.0 -16.0
1602.0 -386.056414409 -74.0 74.0 -14.0
1603.0 -121.604365693 -21.0 21.0 8.0
1604.0 490.176941567 96.0 -96.0 -17.0
1605.0 -300.210112663 -56.0 56.0 -14.0
1606.0 -230.905268574 -43.0 43.0 4.0
1607.0 499.743313555 99.0 -99.0 8.0
1608.0 -202.60270638 -42.0 42.0 -14.0
1609.0 -323.288388559 -61.0 61.0 6.0
1610.0 484.291580564 95.0 -95.0 8.0
1611.0 -100.16280107 -21.0 21.0 -16.0
1612.0 -396.229998567 -76.0 76.0 30.0
1613.0 448.181333306 83.0 -83.0 8.0
1614.0 1.25663573846 -1.0 1.0 -16.0
1615.0 -449.01378788 -86.0 86.0 8.0
1616.0 396.229998567 77.0 -77.0 8.0
1617.0 97.0829335787 17.0 -17.0 -16.0
1618.0 -482.361512189 -93.0 93.0 8.0
1619.0 333.240212291 65.0 -65.0 8.0
1620.0 184.062276342 35.0 -35.0 -17.0
1621.0 -498.039106992 -96.0 96.0 8.0
1622.0 263.655875738 51.0 -51.0 6.0
1623.0 260.176999159 50.0 -50.0 -17.0
1624.0 -498.483217125 -96.0 96.0 8.0
1625.0 191.341716182 36.0 -36.0 6.0
1626.0 324.485071503 63.0 -63.0 -15.0
1627.0 -486.476780482 -94.0 94.0 -16.0
1628.0 119.470112208 27.0 -27.0 -16.0
1629.0 376.919343441 78.0 -78.0 -15.0
1630.0 -464.888242944 -89.0 89.0 -16.0
1631.0 50.4934205801 13.0 -13.0 8.0
1632.0 418.076078787 82.0 -82.0 -17.0
1633.0 -436.478067086 -83.0 83.0 -16.0
1634.0 -13.8212469173 0.0 0.0 30.0
1635.0 449.01378788 83.0 -83.0 8.0
1636.0 -403.768587685 -82.0 82.0 8.0
1637.0 -72.3162615488 -16.0 16.0 30.0
1638.0 471.075545902 88.0 -88.0 -19.0
1639.0 -368.968647934 -69.0 69.0 8.0
1640.0 -124.344943583 -26.0 26.0 8.0
1641.0 485.741472215 95.0 -95.0 -19.0
1642.0 -333.942258296 -62.0 62.0 8.0
1643.0 -169.664513082 -35.0 35.0 8.0
1644.0 494.513089998 97.0 -97.0 6.0
1645.0 -300.210112663 -61.0 61.0 8.0
1646.0 -208.33080783 -43.0 43.0 8.0
1647.0 498.827850566 98.0 -98.0 -14.0
1648.0 -268.973563992 -50.0 50.0 8.0
1649.0 -240.601489659 -49.0 49.0 8.0
1650.0 500.0 98.0 -98.0 -14.0
1651.0 -241.152089348 -45.0 45.0 8.0
1652.0 -266.8515387 -54.0 54.0 30.0
1653.0 499.182920696 93.0 -93.0 -14.0
1654.0 -217.426968278 -40.0 40.0 4.0
1655.0 -287.502626022 -58.0 58.0 8.0
1656.0 497.34781921 97.0 -97.0 -16.0
1657.0 -198.28558502 -36.0 36.0 -19.0
1658.0 -302.966432132 -56.0 56.0 8.0
1659.0 495.273903187 97.0 -97.0 -16.0
1660.0 -184.062276342 -33.0 33.0 -14.0
1661.0 -313.601057566 -59.0 59.0 8.0
1662.0 493.545789667 97.0 -97.0 30.0
1663.0 -174.972899694 -40.0 40.0 8.0
1664.0 -319.679242773 -65.0 65.0 10.0
1665.0 492.554663077 96.0 -96.0 -16.0
1666.0 -171.141270835 -31.0 31.0 -16.0
1667.0 -321.367064064 -61.0 61.0 8.0
1668.0 492.500552735 96.0 -96.0 -17.0
1669.0 -172.616339492 -31.0 31.0 10.0
1670.0 -318.711994874 -65.0 65.0 4.0
1671.0 493.393968691 97.0 -97.0 8.0
1672.0 -179.379487674 -37.0 37.0 -16.0
1673.0 -311.639624083 -59.0 59.0 26.0
1674.0 495.055996571 93.0 -93.0 8.0
1675.0 -191.341716182 -39.0 39.0 -16.0
1676.0 -299.958825075 -56.0 56.0 30.0
1677.0 497.116804185 93.0 -93.0 10.0
1678.0 -208.33080783 -43.0 43.0 -16.0
1679.0 -283.375698197 -53.0 53.0 8.0
1680.0 499.013364214 98.0 -98.0 8.0
1681.0 -230.068901228 -47.0 47.0 -16.0
1682.0 -261.517095579 -49.0 49.0 8.0
1683.0 499.988057826 98.0 -98.0 8.0
1684.0 -256.141355878 -52.0 52.0 -17.0
1685.0 -233.96490713 -43.0 43.0 8.0
1686.0 499.090693005 98.0 -98.0 6.0
1687.0 -285.958410765 -58.0 58.0 8.0
1688.0 -200.302456846 -41.0 41.0 8.0
1689.0 495.187327 97.0 -97.0 6.0
1690.0 -318.711994874 -64.0 64.0 8.0
1691.0 -160.17423354 -33.0 33.0 8.0
1692.0 486.98007083 95.0 -95.0 -16.0
1693.0 -353.331176672 -67.0 67.0 8.0
1694.0 -113.359651617 -24.0 24.0 8.0
1695.0 473.042679414 93.0 -93.0 -16.0
1696.0 -388.441142088 -74.0 74.0 8.0
1697.0 -59.8604915423 -13.0 13.0 8.0
1698.0 451.877047914 88.0 -88.0 -14.0
1699.0 -422.33221436 -81.0 81.0 8.0
1700.0 6.76364041899e-11 -1.0 1.0 8.0
1701.0 421.995544478 82.0 -82.0 -16.0
1702.0 -452.947146863 -87.0 87.0 6.0
1703.0 65.4707381047 11.0 -11.0 8.0
1704.0 382.033165152 74.0 -74.0 -16.0
1705.0 -477.896507399 -92.0 92.0 4.0
1706.0 135.266618377 26.0 -26.0 8.0
1707.0 330.89152172 64.0 -64.0 -16.0
1708.0 -494.513089998 -95.0 95.0 8.0
1709.0 207.473667804 39.0 -39.0 8.0
1710.0 267.913397489 51.0 -51.0 -16.0
1711.0 -499.956475676 -96.0 96.0 8.0
1712.0 279.480685353 54.0 -54.0 8.0
1713.0 193.081824254 37.0 -37.0 -16.0
1714.0 -491.377544256 -95.0 95.0 10.0
1715.0 347.956398296 67.0 -67.0 8.0
1716.0 107.231290223 19.0 -19.0 -17.0
1717.0 -466.149276393 -89.0 89.0 8.0
1718.0 408.894134749 80.0 -80.0 4.0
1719.0 12.2509852115 1.0 -1.0 -17.0
1720.0 -422.163962751 -81.0 81.0 8.0
1721.0 457.747072761 89.0 -89.0 6.0
1722.0 -88.7484918319 -18.0 18.0 8.0
1723.0 -358.187505971 -73.0 73.0 8.0
1724.0 489.675016169 96.0 -96.0 -16.0
1725.0 -191.341716182 -35.0 35.0 -17.0
1726.0 -274.248778203 -51.0 51.0 30.0
1727.0 499.916998923 93.0 -93.0 -14.0
1728.0 -289.811280723 -55.0 55.0 8.0
1729.0 -172.026515653 -36.0 36.0 8.0
1730.0 484.291580564 95.0 -95.0 -14.0
1731.0 -377.331888411 -72.0 72.0 10.0
1732.0 -55.1794067383 -13.0 13.0 8.0
1733.0 439.807682945 86.0 -86.0 -14.0
1734.0 -446.355846205 -86.0 86.0 6.0
1735.0 70.4506159689 12.0 -12.0 8.0
1736.0 365.343388928 71.0 -71.0 -16.0
1737.0 -489.225681939 -94.0 94.0 6.0
1738.0 196.842611613 38.0 -38.0 8.0
1739.0 262.319915364 50.0 -50.0 -14.0
1740.0 -499.013364214 -97.0 97.0 8.0
1741.0 314.090179823 61.0 -61.0 8.0
1742.0 135.266618377 25.0 -25.0 -16.0
1743.0 -470.546709265 -90.0 90.0 -16.0
1744.0 411.05214791 85.0 -85.0 8.0
1745.0 -7.85365865574 -3.0 3.0 -16.0
1746.0 -401.533575422 -77.0 77.0 8.0
1747.0 476.394375372 93.0 -93.0 8.0
1748.0 -155.703140815 -32.0 32.0 -17.0
1749.0 -293.638407966 -55.0 55.0 8.0
1750.0 500.0 98.0 -98.0 6.0
1751.0 -294.146728302 -60.0 60.0 8.0
1752.0 -153.3128776 -32.0 32.0 8.0
1753.0 474.64693475 93.0 -93.0 6.0
1754.0 -407.442537747 -82.0 82.0 10.0
1755.0 7.85365865587 0.0 0.0 8.0
1756.0 397.757892444 77.0 -77.0 -16.0
1757.0 -480.059100426 -92.0 92.0 8.0
1758.0 173.500563864 33.0 -33.0 -16.0
1759.0 272.934002264 57.0 -57.0 -16.0
1760.0 -499.013364214 -96.0 96.0 8.0
1761.0 323.767445286 63.0 -63.0 -14.0
1762.0 110.910401024 24.0 -24.0 -16.0
1763.0 -456.474084507 -88.0 88.0 8.0
1764.0 437.546567331 85.0 -85.0 -17.0
1765.0 -70.450615969 -10.0 10.0 -16.0
1766.0 -352.218016481 -67.0 67.0 4.0
1767.0 495.612385537 98.0 -98.0 8.0
1768.0 -247.456396696 -51.0 51.0 -16.0
1769.0 -195.397695449 -35.0 35.0 6.0
1770.0 484.291580564 95.0 -95.0 8.0
1771.0 -393.338244774 -80.0 80.0 -16.0
1772.0 -5.02646357855 2.0 -2.0 8.0
1773.0 399.08655692 78.0 -78.0 8.0
1774.0 -482.361512189 -98.0 98.0 8.0
1775.0 191.341716183 36.0 -36.0 8.0
1776.0 247.456396696 47.0 -47.0 -15.0
1777.0 -494.833203953 -95.0 95.0 8.0
1778.0 361.025044512 70.0 -70.0 -16.0
1779.0 49.8682744605 13.0 -13.0 -17.0
1780.0 -422.163962751 -81.0 81.0 -17.0
1781.0 471.599733214 97.0 -97.0 -14.0
1782.0 -161.661455668 -29.0 29.0 4.0
1783.0 -270.824763172 -54.0 54.0 8.0
1784.0 497.600055445 97.0 -97.0 -16.0
1785.0 -347.956398296 -66.0 66.0 4.0
1786.0 -63.9131456544 -13.0 13.0 8.0
1787.0 427.30193696 83.0 -83.0 -14.0
1788.0 -469.798537053 -91.0 91.0 8.0
1789.0 160.769312916 30.0 -30.0 8.0
1790.0 267.913397489 51.0 -51.0 -16.0
1791.0 -496.770102318 -96.0 96.0 8.0
1792.0 356.649690057 69.0 -69.0 8.0
1793.0 47.3669123661 7.0 -7.0 -16.0
1794.0 -415.996427776 -79.0 79.0 8.0
1795.0 477.896507399 93.0 -93.0 8.0
1796.0 -188.726462959 -39.0 39.0 -17.0
1797.0 -238.395300179 -44.0 44.0 8.0
1798.0 490.906604143 96.0 -96.0 6.0
1799.0 -385.456797981 -78.0 78.0 8.0
1800.0 -8.2311120438e-11 -1.0 1.0 8.0
1801.0 385.056292702 75.0 -75.0 6.0
1802.0 -491.377544256 -99.0 99.0 8.0
1803.0 243.3506713 47.0 -47.0 8.0
1804.0 179.379487675 34.0 -34.0 -16.0
1805.0 -473.042679414 -91.0 91.0 8.0
1806.0 428.115510842 84.0 -84.0 -16.0
1807.0 -77.9069256577 -12.0 12.0 -16.0
1808.0 -327.344021797 -62.0 62.0 10.0
1809.0 499.964371151 97.0 -97.0 -16.0
1810.0 -318.711994874 -60.0 60.0 -16.0
1811.0 -87.202202226 -14.0 14.0 8.0
1812.0 431.32747343 84.0 -84.0 -17.0
1813.0 -472.428749419 -91.0 91.0 8.0
1814.0 182.893304663 34.0 -34.0 4.0
1815.0 233.96490713 45.0 -45.0 8.0
1816.0 -487.543724136 -99.0 99.0 8.0
1817.0 402.467611924 78.0 -78.0 4.0
1818.0 -38.9163493238 -8.0 8.0 -15.0
1819.0 -351.10138004 -67.0 67.0 -16.0
1820.0 499.013364214 103.0 -103.0 -16.0
1821.0 -304.214528271 -57.0 57.0 8.0
1822.0 -98.6233540108 -21.0 21.0 8.0
1823.0 433.691774462 85.0 -85.0 -16.0
1824.0 -473.14434769 -91.0 91.0 10.0
1825.0 191.341716182 36.0 -36.0 8.0
1826.0 219.687417843 42.0 -42.0 -16.0
1827.0 -481.945593757 -93.0 93.0 8.0
1828.0 419.449316114 82.0 -82.0 -15.0
1829.0 -75.423373819 -12.0 12.0 -14.0
1830.0 -318.711994874 -60.0 60.0 4.0
1831.0 499.632796975 99.0 -99.0 10.0
1832.0 -347.730723597 -71.0 71.0 -16.0
1833.0 -34.8434152326 -3.0 3.0 4.0
1834.0 393.919398883 77.0 -77.0 10.0
1835.0 -492.554663077 -100.0 100.0 -14.0
1836.0 266.8515387 56.0 -56.0 8.0
1837.0 133.753731021 25.0 -25.0 10.0
1838.0 -446.355846205 -91.0 91.0 -16.0
1839.0 467.2763491 96.0 -96.0 -14.0
1840.0 -184.062276343 -34.0 34.0 -17.0
1841.0 -218.275283709 -40.0 40.0 8.0
1842.0 478.901215481 94.0 -94.0 -14.0
1843.0 -430.211008483 -83.0 83.0 8.0
1844.0 104.775150123 19.0 -19.0 8.0
1845.0 287.502626022 55.0 -55.0 -16.0
1846.0 -495.402300979 -95.0 95.0 6.0
1847.0 387.052725895 76.0 -76.0 8.0
1848.0 -32.6493166648 -8.0 8.0 -16.0
1849.0 -342.044473169 -65.0 65.0 6.0
1850.0 500.0 98.0 -98.0 10.0
1851.0 -342.502497636 -70.0 70.0 -16.0
1852.0 -30.141004555 -2.0 2.0 8.0
1853.0 383.448197363 75.0 -75.0 8.0
1854.0 -496.662266846 -100.0 100.0 -16.0
1855.0 300.210112663 63.0 -63.0 8.0
1856.0 82.5582305916 14.0 -14.0 8.0
1857.0 -413.716789197 -84.0 84.0 8.0
1858.0 488.898934256 96.0 -96.0 -16.0
1859.0 -262.854610932 -49.0 49.0 8.0
1860.0 -124.344943582 -26.0 26.0 8.0
1861.0 434.936996602 85.0 -85.0 -14.0
1862.0 -479.617546264 -93.0 93.0 6.0
1863.0 232.29738953 45.0 -45.0 8.0
1864.0 155.703140815 29.0 -29.0 -14.0
1865.0 -449.01378788 -87.0 87.0 4.0
1866.0 471.075545902 93.0 -93.0 10.0
1867.0 -209.757728124 -43.0 43.0 -14.0
1868.0 -177.031265393 -32.0 32.0 8.0
1869.0 457.493919198 89.0 -89.0 8.0
1870.0 -464.888242944 -94.0 94.0 -14.0
1871.0 195.975894134 41.0 -41.0 8.0
1872.0 188.726462959 36.0 -36.0 8.0
1873.0 -461.457413647 -93.0 93.0 -16.0
1874.0 462.059898611 95.0 -95.0 -16.0
1875.0 -191.341716183 -35.0 35.0 8.0
1876.0 -191.051433117 -39.0 39.0 8.0
1877.0 461.457413647 90.0 -90.0 -16.0
1878.0 -463.014386579 -89.0 89.0 6.0
1879.0 195.975894134 37.0 -37.0 8.0
1880.0 184.062276342 35.0 -35.0 -14.0
1881.0 -457.493919198 -88.0 88.0 6.0
1882.0 467.6108757 92.0 -92.0 8.0
1883.0 -209.757728124 -43.0 43.0 -16.0
1884.0 -167.594242303 -30.0 30.0 -16.0
1885.0 449.01378788 93.0 -93.0 8.0
1886.0 -475.138434501 -96.0 96.0 -14.0
1887.0 232.29738953 49.0 -49.0 30.0
1888.0 141.304668415 22.0 -22.0 8.0
1889.0 -434.936996602 -88.0 88.0 8.0
1890.0 484.291580564 95.0 -95.0 -16.0
1891.0 -262.854610932 -49.0 49.0 8.0
1892.0 -104.775150123 -22.0 22.0 8.0
1893.0 413.716789197 81.0 -81.0 -14.0
1894.0 -493.137038319 -95.0 95.0 6.0
1895.0 300.210112663 58.0 -58.0 8.0
1896.0 57.676621704 9.0 -9.0 -16.0
1897.0 -383.448197363 -73.0 73.0 4.0
1898.0 499.090693005 99.0 -99.0 8.0
1899.0 -342.502497636 -70.0 70.0 -14.0
1900.0 -1.40133018777e-10 2.0 -2.0 8.0
1901.0 342.044473169 66.0 -66.0 8.0
1902.0 -498.932883383 -101.0 101.0 -16.0
1903.0 387.052725895 80.0 -80.0 -16.0
1904.0 -67.6502785273 -10.0 10.0 8.0
1905.0 -287.502626021 -59.0 59.0 -16.0
1906.0 488.898934256 100.0 -100.0 -16.0
1907.0 -430.211008483 -82.0 82.0 8.0
1908.0 143.713693887 27.0 -27.0 -15.0
1909.0 218.275283709 46.0 -46.0 -16.0
1910.0 -464.888242944 -89.0 89.0 6.0
1911.0 467.2763491 92.0 -92.0 10.0
1912.0 -225.314133065 -47.0 47.0 -16.0
1913.0 -133.753731021 -23.0 23.0 6.0
1914.0 422.835968543 83.0 -83.0 8.0
1915.0 -492.554663077 -100.0 100.0 -16.0
1916.0 307.940752716 64.0 -64.0 -16.0
1917.0 34.8434152326 10.0 -10.0 8.0
1918.0 -359.281705444 -73.0 73.0 -16.0
1919.0 499.632796975 103.0 -103.0 -16.0
1920.0 -385.256621388 -73.0 73.0 8.0
1921.0 75.423373819 13.0 -13.0 -16.0
1922.0 272.143842869 57.0 -57.0 -16.0
1923.0 -481.945593757 -93.0 93.0 10.0
1924.0 449.151910206 87.0 -87.0 8.0
1925.0 -191.341716182 -39.0 39.0 -14.0
1926.0 -161.661455668 -29.0 29.0 4.0
1927.0 433.691774462 85.0 -85.0 8.0
1928.0 -490.176941567 -99.0 99.0 8.0
1929.0 304.214528271 59.0 -59.0 6.0
1930.0 31.3952597646 5.0 -5.0 8.0
1931.0 -351.10138004 -71.0 71.0 8.0
1932.0 498.483217125 98.0 -98.0 -16.0
1933.0 -402.467611924 -77.0 77.0 8.0
1934.0 110.910401024 20.0 -20.0 -16.0
1935.0 233.96490713 49.0 -49.0 10.0
1936.0 -465.34937317 -95.0 95.0 8.0
1937.0 472.428749419 92.0 -92.0 8.0
1938.0 -252.89644257 -52.0 52.0 -17.0
1939.0 -87.2022022258 -14.0 14.0 8.0
1940.0 385.256621388 75.0 -75.0 -17.0
1941.0 -499.964371151 -96.0 96.0 8.0
1942.0 377.949588429 73.0 -73.0 4.0
1943.0 -77.9069256575 -16.0 16.0 8.0
1944.0 -258.296553164 -53.0 53.0 8.0
1945.0 473.042679414 93.0 -93.0 6.0
1946.0 -466.715115892 -94.0 94.0 10.0
1947.0 243.3506713 46.0 -46.0 8.0
1948.0 92.4559841275 16.0 -16.0 -16.0
1949.0 -385.056292702 -73.0 73.0 8.0
1950.0 500.0 98.0 -98.0 -14.0
1951.0 -385.456797981 -74.0 74.0 -16.0
1952.0 94.924738657 22.0 -22.0 8.0
1953.0 238.395300179 46.0 -46.0 -16.0
1954.0 -463.014386579 -89.0 89.0 8.0
1955.0 477.896507399 93.0 -93.0 8.0
1956.0 -277.39317237 -57.0 57.0 -17.0
1957.0 -47.366912366 -6.0 6.0 -16.0
1958.0 350.429734158 73.0 -73.0 6.0
1959.0 -496.770102318 -100.0 100.0 8.0
1960.0 422.163962751 82.0 -82.0 10.0
1961.0 -160.769312916 -34.0 34.0 6.0
1962.0 -171.141270835 -35.0 35.0 8.0
1963.0 427.30193696 83.0 -83.0 -16.0
1964.0 -495.898285753 -95.0 95.0 -16.0
1965.0 347.956398296 72.0 -72.0 8.0
1966.0 -48.9304079349 -11.0 11.0 -14.0
1967.0 -270.824763172 -51.0 51.0 8.0
1968.0 473.14434769 93.0 -93.0 8.0
1969.0 -471.599733214 -95.0 95.0 -14.0
1970.0 267.913397489 56.0 -56.0 8.0
1971.0 49.8682744602 8.0 -8.0 8.0
1972.0 -345.92039147 -70.0 70.0 8.0
1973.0 494.833203953 97.0 -97.0 8.0
1974.0 -434.47132441 -88.0 88.0 4.0
1975.0 191.341716183 37.0 -37.0 8.0
1976.0 131.633474309 24.0 -24.0 -14.0
1977.0 -399.08655692 -77.0 77.0 6.0
1978.0 499.974734026 98.0 -98.0 8.0
1979.0 -393.338244774 -80.0 80.0 -16.0
1980.0 124.344943582 28.0 -28.0 -16.0
1981.0 195.39769545 42.0 -42.0 8.0
1982.0 -434.47132441 -88.0 88.0 -16.0
1983.0 495.612385537 102.0 -102.0 -14.0
1984.0 -354.883739929 -68.0 68.0 8.0
1985.0 70.4506159688 12.0 -12.0 -16.0
1986.0 241.977274589 51.0 -51.0 -16.0
1987.0 -456.474084507 -88.0 88.0 8.0
1988.0 487.543724136 95.0 -95.0 8.0
1989.0 -323.767445286 -66.0 66.0 -14.0
1990.0 31.3952597649 9.0 -9.0 4.0
1991.0 272.934002264 53.0 -53.0 8.0
1992.0 -468.932355824 -95.0 95.0 -16.0
1993.0 480.059100426 99.0 -99.0 4.0
1994.0 -302.966432132 -61.0 61.0 8.0
1995.0 7.85365865581 0.0 0.0 -16.0
1996.0 289.811280723 61.0 -61.0 -14.0
1997.0 -474.64693475 -92.0 92.0 8.0
1998.0 475.915078099 93.0 -93.0 -16.0
1999.0 -294.146728302 -55.0 55.0 -14.0
